FSMeta|command=CREATE_FILE|levelIgnored=0|missingFile=false|workers=32|writeType=MUST_CACHE|	FSMeta 594748236718
Task Configuration.
FSMetaConfig{writeType=MUST_CACHE, load=10001, expectedThroughput=10000.0, workDir=fsmeta_workers32, threadNum=30, cleanUp=false} commandType: CREATE_FILE level: 2 levelIgnored: 0 useFS: true dirSize: 100 blockSize: 524288000 fileSize: 0
Benchmark Result.
Number of errors: 0/320032
Latency.
       Value     Percentile TotalCount 1/(1-Percentile)

     843.000 0.000000000000          1           1.00
   30575.000 0.100000000000      32081           1.11
   42207.000 0.200000000000      64123           1.25
   43327.000 0.300000000000      96246           1.43
   44383.000 0.400000000000     128135           1.67
   45151.000 0.500000000000     160431           2.00
   45471.000 0.550000000000     177816           2.22
   45727.000 0.600000000000     193083           2.50
   46015.000 0.650000000000     209020           2.86
   46335.000 0.700000000000     225351           3.33
   46751.000 0.750000000000     240917           4.00
   47103.000 0.775000000000     248493           4.44
   47647.000 0.800000000000     256201           5.00
   50143.000 0.825000000000     264100           5.71
   56191.000 0.850000000000     272071           6.67
   58687.000 0.875000000000     280072           8.00
   59615.000 0.887500000000     284182           8.89
   60287.000 0.900000000000     288273          10.00
   60767.000 0.912500000000     292160          11.43
   61343.000 0.925000000000     296136          13.33
   62271.000 0.937500000000     300047          16.00
   63263.000 0.943750000000     302085          17.78
   65535.000 0.950000000000     304069          20.00
   66879.000 0.956250000000     306104          22.86
   70207.000 0.962500000000     308031          26.67
   73663.000 0.968750000000     310061          32.00
   74303.000 0.971875000000     311061          35.56
   75199.000 0.975000000000     312042          40.00
   75967.000 0.978125000000     313081          45.71
   76863.000 0.981250000000     314073          53.33
   78143.000 0.984375000000     315061          64.00
   79295.000 0.985937500000     315544          71.11
   81023.000 0.987500000000     316046          80.00
   82623.000 0.989062500000     316540          91.43
   87231.000 0.990625000000     317043         106.67
   89727.000 0.992187500000     317542         128.00
   90623.000 0.992968750000     317783         142.22
   91519.000 0.993750000000     318032         160.00
   92607.000 0.994531250000     318288         182.86
   94783.000 0.995312500000     318541         213.33
   96383.000 0.996093750000     318783         256.00
   97279.000 0.996484375000     318912         284.44
   98943.000 0.996875000000     319037         320.00
  100479.000 0.997265625000     319158         365.71
  102847.000 0.997656250000     319282         426.67
  105471.000 0.998046875000     319408         512.00
  106559.000 0.998242187500     319470         568.89
  108415.000 0.998437500000     319532         640.00
  110911.000 0.998632812500     319595         731.43
  112959.000 0.998828125000     319657         853.33
  117119.000 0.999023437500     319720        1024.00
  119103.000 0.999121093750     319753        1137.78
  120383.000 0.999218750000     319783        1280.00
  121791.000 0.999316406250     319814        1462.86
  123775.000 0.999414062500     319846        1706.67
  126847.000 0.999511718750     319876        2048.00
  129919.000 0.999560546875     319893        2275.56
  132095.000 0.999609375000     319907        2560.00
  135423.000 0.999658203125     319924        2925.71
  138495.000 0.999707031250     319939        3413.33
  141567.000 0.999755859375     319954        4096.00
  142591.000 0.999780273438     319963        4551.11
  144255.000 0.999804687500     319970        5120.00
  146559.000 0.999829101563     319978        5851.43
  149631.000 0.999853515625     319986        6826.67
  157439.000 0.999877929688     319993        8192.00
  158207.000 0.999890136719     319997        9102.22
  168703.000 0.999902343750     320001       10240.00
  175615.000 0.999914550781     320005       11702.86
  212095.000 0.999926757813     320009       13653.33
  241535.000 0.999938964844     320013       16384.00
  242431.000 0.999945068359     320015       18204.44
  244479.000 0.999951171875     320017       20480.00
  249727.000 0.999957275391     320019       23405.71
  251263.000 0.999963378906     320021       27306.67
  252799.000 0.999969482422     320023       32768.00
  253183.000 0.999972534180     320024       36408.89
  257791.000 0.999975585938     320025       40960.00
  259839.000 0.999978637695     320026       46811.43
  270079.000 0.999981689453     320027       54613.33
 1025535.000 0.999984741211     320028       65536.00
 1025535.000 0.999986267090     320028       72817.78
 1037823.000 0.999987792969     320029       81920.00
 1037823.000 0.999989318848     320029       93622.86
 1038335.000 0.999990844727     320030      109226.67
 1038335.000 0.999992370605     320030      131072.00
 1038335.000 0.999993133545     320030      145635.56
 1041919.000 0.999993896484     320031      163840.00
 1041919.000 0.999994659424     320031      187245.71
 1041919.000 0.999995422363     320031      218453.33
 1041919.000 0.999996185303     320031      262144.00
 1041919.000 0.999996566772     320031      291271.11
 1044479.000 0.999996948242     320032      327680.00
 1044479.000 1.000000000000     320032
#[Mean    =    45506.866, StdDeviation   =    13041.377]
#[Max     =  1044479.000, Total count    =       320032]
#[Buckets =           16, SubBuckets     =         2048]
Throughput.
Time series starts at 588000000000 with width 1000000000.
0 291
1 2196
2 2584
3 2563
4 2598
5 2559
6 2605
7 3828
8 10589
9 16016
10 19213
11 20714
12 20906
13 20766
14 20842
15 21131
16 18583
17 18172
18 18393
19 18770
20 17939
21 17767
22 16924
23 14634
24 7426
25 2023

FSMeta|command=LIST_STATUS|levelIgnored=0|missingFile=false|workers=32|writeType=MUST_CACHE|	FSMeta 612498713294
Task Configuration.
FSMetaConfig{writeType=MUST_CACHE, load=10001, expectedThroughput=10000.0, workDir=fsmeta_workers32, threadNum=30, cleanUp=false} commandType: LIST_STATUS level: 2 levelIgnored: 0 useFS: true dirSize: 100 blockSize: 524288000 fileSize: 0
Benchmark Result.
Number of errors: 0/320032
Latency.
       Value     Percentile TotalCount 1/(1-Percentile)

     296.000 0.000000000000          2           1.00
     492.000 0.100000000000      32226           1.11
     592.000 0.200000000000      64038           1.25
     933.000 0.300000000000      96042           1.43
    3249.000 0.400000000000     128015           1.67
    4979.000 0.500000000000     160050           2.00
    5903.000 0.550000000000     176063           2.22
    6907.000 0.600000000000     192084           2.50
    8051.000 0.650000000000     208053           2.86
    9423.000 0.700000000000     224041           3.33
   11167.000 0.750000000000     240092           4.00
   12247.000 0.775000000000     248025           4.44
   13479.000 0.800000000000     256073           5.00
   14927.000 0.825000000000     264029           5.71
   16703.000 0.850000000000     272063           6.67
   19023.000 0.875000000000     280038           8.00
   20463.000 0.887500000000     284064           8.89
   22127.000 0.900000000000     288052          10.00
   24239.000 0.912500000000     292042          11.43
   26783.000 0.925000000000     296043          13.33
   29887.000 0.937500000000     300040          16.00
   31967.000 0.943750000000     302038          17.78
   34463.000 0.950000000000     304043          20.00
   37567.000 0.956250000000     306047          22.86
   41119.000 0.962500000000     308039          26.67
   45759.000 0.968750000000     310043          32.00
   48959.000 0.971875000000     311035          35.56
   52639.000 0.975000000000     312034          40.00
   57183.000 0.978125000000     313038          45.71
   62335.000 0.981250000000     314034          53.33
   69183.000 0.984375000000     315033          64.00
   73279.000 0.985937500000     315535          71.11
   77631.000 0.987500000000     316040          80.00
   83775.000 0.989062500000     316539          91.43
   90879.000 0.990625000000     317032         106.67
   99135.000 0.992187500000     317534         128.00
  104063.000 0.992968750000     317783         142.22
  109119.000 0.993750000000     318032         160.00
  115135.000 0.994531250000     318283         182.86
  122495.000 0.995312500000     318534         213.33
  131455.000 0.996093750000     318784         256.00
  135935.000 0.996484375000     318907         284.44
  140543.000 0.996875000000     319037         320.00
  146559.000 0.997265625000     319161         365.71
  151935.000 0.997656250000     319286         426.67
  157439.000 0.998046875000     319407         512.00
  160255.000 0.998242187500     319470         568.89
  164607.000 0.998437500000     319534         640.00
  169343.000 0.998632812500     319595         731.43
  175487.000 0.998828125000     319657         853.33
  181631.000 0.999023437500     319720        1024.00
  186495.000 0.999121093750     319751        1137.78
  192383.000 0.999218750000     319783        1280.00
  198783.000 0.999316406250     319814        1462.86
  204031.000 0.999414062500     319845        1706.67
  210687.000 0.999511718750     319876        2048.00
  214911.000 0.999560546875     319892        2275.56
  225151.000 0.999609375000     319907        2560.00
  232575.000 0.999658203125     319923        2925.71
  240383.000 0.999707031250     319939        3413.33
  251263.000 0.999755859375     319954        4096.00
  253439.000 0.999780273438     319962        4551.11
  257919.000 0.999804687500     319970        5120.00
  259711.000 0.999829101563     319980        5851.43
  262143.000 0.999853515625     319986        6826.67
  266751.000 0.999877929688     319993        8192.00
  269055.000 0.999890136719     319997        9102.22
  274175.000 0.999902343750     320001       10240.00
  276735.000 0.999914550781     320005       11702.86
  277759.000 0.999926757813     320009       13653.33
  285183.000 0.999938964844     320013       16384.00
  292351.000 0.999945068359     320015       18204.44
  297471.000 0.999951171875     320017       20480.00
  304127.000 0.999957275391     320020       23405.71
  308991.000 0.999963378906     320021       27306.67
  327935.000 0.999969482422     320023       32768.00
  330239.000 0.999972534180     320024       36408.89
  337919.000 0.999975585938     320025       40960.00
  361471.000 0.999978637695     320026       46811.43
  368127.000 0.999981689453     320027       54613.33
  369407.000 0.999984741211     320028       65536.00
  369407.000 0.999986267090     320028       72817.78
  383999.000 0.999987792969     320029       81920.00
  383999.000 0.999989318848     320029       93622.86
  386815.000 0.999990844727     320030      109226.67
  386815.000 0.999992370605     320030      131072.00
  386815.000 0.999993133545     320030      145635.56
  390399.000 0.999993896484     320031      163840.00
  390399.000 0.999994659424     320031      187245.71
  390399.000 0.999995422363     320031      218453.33
  390399.000 0.999996185303     320031      262144.00
  390399.000 0.999996566772     320031      291271.11
  444671.000 0.999996948242     320032      327680.00
  444671.000 1.000000000000     320032
#[Mean    =     9733.706, StdDeviation   =    17286.362]
#[Max     =   444671.000, Total count    =       320032]
#[Buckets =           16, SubBuckets     =         2048]
Throughput.
Time series starts at 605000000000 with width 1000000000.
0 1890
1 6767
2 10965
3 20382
4 0
5 0
6 0
7 5255
8 16770
9 45185
10 70868
11 88800
12 46940
13 6210

FSMeta|command=LIST_STATUS|levelIgnored=1|missingFile=false|workers=32|writeType=MUST_CACHE|	FSMeta 618520462473
Task Configuration.
FSMetaConfig{writeType=MUST_CACHE, load=10001, expectedThroughput=10000.0, workDir=fsmeta_workers32, threadNum=30, cleanUp=false} commandType: LIST_STATUS level: 2 levelIgnored: 1 useFS: true dirSize: 100 blockSize: 524288000 fileSize: 0
Benchmark Result.
Number of errors: 0/320032
Latency.
       Value     Percentile TotalCount 1/(1-Percentile)

     314.000 0.000000000000          1           1.00
    5547.000 0.100000000000      32004           1.11
   33631.000 0.200000000000      64073           1.25
   41279.000 0.300000000000      96044           1.43
   54463.000 0.400000000000     128017           1.67
   73983.000 0.500000000000     160185           2.00
   79039.000 0.550000000000     176245           2.22
   85247.000 0.600000000000     192120           2.50
   97151.000 0.650000000000     208051           2.86
  110847.000 0.700000000000     224109           3.33
  120959.000 0.750000000000     240042           4.00
  128575.000 0.775000000000     248063           4.44
  140671.000 0.800000000000     256037           5.00
  152703.000 0.825000000000     264117           5.71
  165503.000 0.850000000000     272058           6.67
  188671.000 0.875000000000     280038           8.00
  202239.000 0.887500000000     284036           8.89
  224639.000 0.900000000000     288030          10.00
  257663.000 0.912500000000     292035          11.43
  319487.000 0.925000000000     296030          13.33
  444159.000 0.937500000000     300033          16.00
  537599.000 0.943750000000     302036          17.78
  656383.000 0.950000000000     304031          20.00
  824319.000 0.956250000000     306031          22.86
 1042943.000 0.962500000000     308031          26.67
 1327103.000 0.968750000000     310032          32.00
 1511423.000 0.971875000000     311032          35.56
 1726463.000 0.975000000000     312033          40.00
 1997823.000 0.978125000000     313034          45.71
 2332671.000 0.981250000000     314034          53.33
 2756607.000 0.984375000000     315034          64.00
 3006463.000 0.985937500000     315535          71.11
 3301375.000 0.987500000000     316032          80.00
 3680255.000 0.989062500000     316535          91.43
 4075519.000 0.990625000000     317032         106.67
 4595711.000 0.992187500000     317534         128.00
 4894719.000 0.992968750000     317784         142.22
 5242879.000 0.993750000000     318032         160.00
 5685247.000 0.994531250000     318283         182.86
 6176767.000 0.995312500000     318532         213.33
 6742015.000 0.996093750000     318783         256.00
 7094271.000 0.996484375000     318907         284.44
 7467007.000 0.996875000000     319032         320.00
 7925759.000 0.997265625000     319158         365.71
 8421375.000 0.997656250000     319283         426.67
 9134079.000 0.998046875000     319408         512.00
 9494527.000 0.998242187500     319473         568.89
 9814015.000 0.998437500000     319532         640.00
10264575.000 0.998632812500     319595         731.43
10903551.000 0.998828125000     319657         853.33
11509759.000 0.999023437500     319720        1024.00
11984895.000 0.999121093750     319751        1137.78
12328959.000 0.999218750000     319782        1280.00
12656639.000 0.999316406250     319815        1462.86
13115391.000 0.999414062500     319845        1706.67
13975551.000 0.999511718750     319876        2048.00
14352383.000 0.999560546875     319892        2275.56
14671871.000 0.999609375000     319907        2560.00
15130623.000 0.999658203125     319923        2925.71
15507455.000 0.999707031250     319940        3413.33
16162815.000 0.999755859375     319954        4096.00
16826367.000 0.999780273438     319962        4551.11
17432575.000 0.999804687500     319970        5120.00
18104319.000 0.999829101563     319978        5851.43
18743295.000 0.999853515625     319986        6826.67
19890175.000 0.999877929688     319993        8192.00
20152319.000 0.999890136719     319998        9102.22
20463615.000 0.999902343750     320001       10240.00
20971519.000 0.999914550781     320005       11702.86
21889023.000 0.999926757813     320009       13653.33
22396927.000 0.999938964844     320013       16384.00
22855679.000 0.999945068359     320015       18204.44
23609343.000 0.999951171875     320017       20480.00
24035327.000 0.999957275391     320019       23405.71
25247743.000 0.999963378906     320021       27306.67
25329663.000 0.999969482422     320023       32768.00
27082751.000 0.999972534180     320024       36408.89
27590655.000 0.999975585938     320025       40960.00
27901951.000 0.999978637695     320026       46811.43
28082175.000 0.999981689453     320027       54613.33
28737535.000 0.999984741211     320028       65536.00
28737535.000 0.999986267090     320028       72817.78
28950527.000 0.999987792969     320029       81920.00
28950527.000 0.999989318848     320029       93622.86
29310975.000 0.999990844727     320030      109226.67
29310975.000 0.999992370605     320030      131072.00
29310975.000 0.999993133545     320030      145635.56
30146559.000 0.999993896484     320031      163840.00
30146559.000 0.999994659424     320031      187245.71
30146559.000 0.999995422363     320031      218453.33
30146559.000 0.999996185303     320031      262144.00
30146559.000 0.999996566772     320031      291271.11
48332799.000 0.999996948242     320032      327680.00
48332799.000 1.000000000000     320032
#[Mean    =   219290.747, StdDeviation   =   853626.835]
#[Max     = 48332799.000, Total count    =       320032]
#[Buckets =           16, SubBuckets     =         2048]
Throughput.
Time series starts at 611000000000 with width 1000000000.
0 141
1 512
2 517
3 556
4 505
5 556
6 481
7 935
8 1772
9 3098
10 4162
11 4251
12 4141
13 4239
14 4067
15 4338
16 4278
17 4222
18 4271
19 4380
20 4370
21 4388
22 4437
23 4355
24 4399
25 4448
26 4378
27 4399
28 4415
29 4428
30 4382
31 4387
32 4275
33 4457
34 4311
35 4359
36 4384
37 4417
38 4379
39 4400
40 4382
41 4410
42 4343
43 4330
44 4378
45 4387
46 4378
47 4364
48 4389
49 4450
50 4382
51 4306
52 4329
53 4426
54 4298
55 4395
56 4380
57 4392
58 4366
59 4390
60 4387
61 4390
62 4359
63 4443
64 4409
65 4432
66 4309
67 4425
68 4343
69 4413
70 4342
71 4336
72 4330
73 4372
74 4024
75 3837
76 3853
77 3839
78 3838
79 3782
80 3664
81 3268
82 1578
83 394

FSMeta|command=DELETE|levelIgnored=0|missingFile=false|workers=32|writeType=MUST_CACHE|	FSMeta 694592395414
Task Configuration.
FSMetaConfig{writeType=MUST_CACHE, load=10001, expectedThroughput=10000.0, workDir=fsmeta_workers32, threadNum=30, cleanUp=false} commandType: DELETE level: 2 levelIgnored: 0 useFS: true dirSize: 100 blockSize: 524288000 fileSize: 0
Benchmark Result.
Number of errors: 0/320032
Latency.
       Value     Percentile TotalCount 1/(1-Percentile)

     362.000 0.000000000000          1           1.00
    6619.000 0.100000000000      32464           1.11
    6771.000 0.200000000000      64939           1.25
    6883.000 0.300000000000      96172           1.43
    6971.000 0.400000000000     128811           1.67
    7047.000 0.500000000000     161218           2.00
    7083.000 0.550000000000     176595           2.22
    7123.000 0.600000000000     192493           2.50
    7171.000 0.650000000000     209041           2.86
    7227.000 0.700000000000     224356           3.33
    7319.000 0.750000000000     240048           4.00
    7423.000 0.775000000000     248218           4.44
    7659.000 0.800000000000     256060           5.00
    8295.000 0.825000000000     264076           5.71
   19935.000 0.850000000000     272068           6.67
   21167.000 0.875000000000     280068           8.00
   21791.000 0.887500000000     284040           8.89
   33791.000 0.900000000000     288037          10.00
   35583.000 0.912500000000     292091          11.43
   48511.000 0.925000000000     296055          13.33
   62143.000 0.937500000000     300039          16.00
   72127.000 0.943750000000     302033          17.78
   78271.000 0.950000000000     304045          20.00
   92031.000 0.956250000000     306035          22.86
  106943.000 0.962500000000     308038          26.67
  131071.000 0.968750000000     310041          32.00
  144255.000 0.971875000000     311033          35.56
  159359.000 0.975000000000     312033          40.00
  175359.000 0.978125000000     313032          45.71
  199807.000 0.981250000000     314032          53.33
  229887.000 0.984375000000     315040          64.00
  245375.000 0.985937500000     315541          71.11
  264447.000 0.987500000000     316032          80.00
  288255.000 0.989062500000     316534          91.43
  317439.000 0.990625000000     317033         106.67
  355839.000 0.992187500000     317535         128.00
  374783.000 0.992968750000     317784         142.22
  400639.000 0.993750000000     318035         160.00
  429567.000 0.994531250000     318283         182.86
  468223.000 0.995312500000     318532         213.33
  508671.000 0.996093750000     318783         256.00
  536575.000 0.996484375000     318909         284.44
  557567.000 0.996875000000     319032         320.00
  587263.000 0.997265625000     319157         365.71
  626687.000 0.997656250000     319286         426.67
  657919.000 0.998046875000     319408         512.00
  677375.000 0.998242187500     319470         568.89
  707583.000 0.998437500000     319532         640.00
  745983.000 0.998632812500     319595         731.43
  787455.000 0.998828125000     319661         853.33
  827391.000 0.999023437500     319722        1024.00
  847871.000 0.999121093750     319751        1137.78
  872447.000 0.999218750000     319783        1280.00
  908799.000 0.999316406250     319814        1462.86
  953343.000 0.999414062500     319845        1706.67
  996863.000 0.999511718750     319876        2048.00
 1021951.000 0.999560546875     319893        2275.56
 1053695.000 0.999609375000     319907        2560.00
 1110015.000 0.999658203125     319923        2925.71
 1149951.000 0.999707031250     319939        3413.33
 1209343.000 0.999755859375     319954        4096.00
 1245183.000 0.999780273438     319963        4551.11
 1277951.000 0.999804687500     319970        5120.00
 1381375.000 0.999829101563     319978        5851.43
 1435647.000 0.999853515625     319986        6826.67
 1499135.000 0.999877929688     319993        8192.00
 1522687.000 0.999890136719     319997        9102.22
 1546239.000 0.999902343750     320001       10240.00
 1580031.000 0.999914550781     320005       11702.86
 1694719.000 0.999926757813     320009       13653.33
 1788927.000 0.999938964844     320013       16384.00
 1810431.000 0.999945068359     320015       18204.44
 1873919.000 0.999951171875     320018       20480.00
 1897471.000 0.999957275391     320019       23405.71
 1996799.000 0.999963378906     320021       27306.67
 2087935.000 0.999969482422     320023       32768.00
 2121727.000 0.999972534180     320024       36408.89
 2125823.000 0.999975585938     320025       40960.00
 2265087.000 0.999978637695     320026       46811.43
 2402303.000 0.999981689453     320027       54613.33
 2451455.000 0.999984741211     320028       65536.00
 2451455.000 0.999986267090     320028       72817.78
 2461695.000 0.999987792969     320029       81920.00
 2461695.000 0.999989318848     320029       93622.86
 2711551.000 0.999990844727     320030      109226.67
 2711551.000 0.999992370605     320030      131072.00
 2711551.000 0.999993133545     320030      145635.56
 2902015.000 0.999993896484     320031      163840.00
 2902015.000 0.999994659424     320031      187245.71
 2902015.000 0.999995422363     320031      218453.33
 2902015.000 0.999996185303     320031      262144.00
 2902015.000 0.999996566772     320031      291271.11
 3547135.000 0.999996948242     320032      327680.00
 3547135.000 1.000000000000     320032
#[Mean    =    21031.786, StdDeviation   =    65612.984]
#[Max     =  3547135.000, Total count    =       320032]
#[Buckets =           16, SubBuckets     =         2048]
Throughput.
Time series starts at 687000000000 with width 1000000000.
0 1591
1 5698
2 5739
3 5755
4 5750
5 5718
6 5719
7 8223
8 13322
9 28922
10 39465
11 40176
12 40188
13 40128
14 35730
15 26570
16 10860
17 478

FSMeta|command=LIST_STATUS|levelIgnored=0|missingFile=true|workers=32|writeType=MUST_CACHE|	FSMeta 704620232094
Task Configuration.
FSMetaConfig{writeType=MUST_CACHE, load=10001, expectedThroughput=10000.0, workDir=fsmeta_workers32, threadNum=30, cleanUp=false} commandType: LIST_STATUS level: 2 levelIgnored: 0 useFS: true dirSize: 100 blockSize: 524288000 fileSize: 0
Benchmark Result.
Number of errors: 320032/320032
Latency.
       Value     Percentile TotalCount 1/(1-Percentile)

     616.000 0.000000000000          1           1.00
   43935.000 0.100000000000      32011           1.11
   49983.000 0.200000000000      64053           1.25
   51935.000 0.300000000000      96220           1.43
   54367.000 0.400000000000     128194           1.67
   60255.000 0.500000000000     160135           2.00
   65375.000 0.550000000000     176075           2.22
   70847.000 0.600000000000     192143           2.50
   76095.000 0.650000000000     208060           2.86
   81407.000 0.700000000000     224136           3.33
   86783.000 0.750000000000     240208           4.00
   89407.000 0.775000000000     248146           4.44
   92031.000 0.800000000000     256039           5.00
   94719.000 0.825000000000     264225           5.71
   97087.000 0.850000000000     272182           6.67
   99199.000 0.875000000000     280153           8.00
  100159.000 0.887500000000     284081           8.89
  101183.000 0.900000000000     288168          10.00
  102207.000 0.912500000000     292134          11.43
  103423.000 0.925000000000     296166          13.33
  104959.000 0.937500000000     300075          16.00
  105983.000 0.943750000000     302103          17.78
  107391.000 0.950000000000     304058          20.00
  109567.000 0.956250000000     306068          22.86
  113343.000 0.962500000000     308037          26.67
  121279.000 0.968750000000     310032          32.00
  126399.000 0.971875000000     311048          35.56
  131455.000 0.975000000000     312053          40.00
  136831.000 0.978125000000     313049          45.71
  143615.000 0.981250000000     314051          53.33
  149119.000 0.984375000000     315051          64.00
  151295.000 0.985937500000     315546          71.11
  153471.000 0.987500000000     316035          80.00
  155647.000 0.989062500000     316532          91.43
  158463.000 0.990625000000     317054         106.67
  162431.000 0.992187500000     317532         128.00
  164863.000 0.992968750000     317785         142.22
  167551.000 0.993750000000     318037         160.00
  170367.000 0.994531250000     318291         182.86
  173311.000 0.995312500000     318537         213.33
  178303.000 0.996093750000     318787         256.00
  180607.000 0.996484375000     318910         284.44
  183423.000 0.996875000000     319037         320.00
  187263.000 0.997265625000     319161         365.71
  190847.000 0.997656250000     319283         426.67
  195071.000 0.998046875000     319410         512.00
  197631.000 0.998242187500     319470         568.89
  200319.000 0.998437500000     319533         640.00
  202623.000 0.998632812500     319597         731.43
  205439.000 0.998828125000     319659         853.33
  209791.000 0.999023437500     319721        1024.00
  211967.000 0.999121093750     319751        1137.78
  214399.000 0.999218750000     319783        1280.00
  217855.000 0.999316406250     319814        1462.86
  221183.000 0.999414062500     319846        1706.67
  227583.000 0.999511718750     319877        2048.00
  229375.000 0.999560546875     319893        2275.56
  232191.000 0.999609375000     319907        2560.00
  235647.000 0.999658203125     319924        2925.71
  242815.000 0.999707031250     319939        3413.33
  248575.000 0.999755859375     319954        4096.00
  251519.000 0.999780273438     319962        4551.11
  255615.000 0.999804687500     319970        5120.00
  259199.000 0.999829101563     319978        5851.43
  265215.000 0.999853515625     319987        6826.67
  268799.000 0.999877929688     319993        8192.00
  272639.000 0.999890136719     319997        9102.22
  275967.000 0.999902343750     320001       10240.00
  280575.000 0.999914550781     320005       11702.86
  282623.000 0.999926757813     320010       13653.33
  284927.000 0.999938964844     320013       16384.00
  286975.000 0.999945068359     320015       18204.44
  288767.000 0.999951171875     320017       20480.00
  290047.000 0.999957275391     320019       23405.71
  297727.000 0.999963378906     320021       27306.67
  298495.000 0.999969482422     320023       32768.00
  298751.000 0.999972534180     320024       36408.89
  299007.000 0.999975585938     320025       40960.00
  299263.000 0.999978637695     320026       46811.43
  300799.000 0.999981689453     320027       54613.33
  328703.000 0.999984741211     320028       65536.00
  328703.000 0.999986267090     320028       72817.78
  335615.000 0.999987792969     320029       81920.00
  335615.000 0.999989318848     320029       93622.86
  345087.000 0.999990844727     320031      109226.67
  345087.000 0.999992370605     320031      131072.00
  345087.000 0.999993133545     320031      145635.56
  345087.000 0.999993896484     320031      163840.00
  345087.000 0.999994659424     320031      187245.71
  345087.000 0.999995422363     320031      218453.33
  345087.000 0.999996185303     320031      262144.00
  345087.000 0.999996566772     320031      291271.11
  368127.000 0.999996948242     320032      327680.00
  368127.000 1.000000000000     320032
#[Mean    =    67752.780, StdDeviation   =    28204.418]
#[Max     =   368127.000, Total count    =       320032]
#[Buckets =           16, SubBuckets     =         2048]
Throughput.
Time series starts at 697000000000 with width 1000000000.
0 208
1 1016
2 1417
3 1708
4 1768
5 1751
6 1775
7 2419
8 3978
9 7239
10 11299
11 13123
12 14198
13 14651
14 14534
15 14501
16 14407
17 14603
18 14570
19 14252
20 14428
21 14738
22 14670
23 14286
24 12820
25 12680
26 12880
27 12810
28 12864
29 13404
30 11460
31 6383
32 3192

FSMeta|command=CREATE_FILE|levelIgnored=0|missingFile=false|workers=32|writeType=CACHE_THROUGH|	FSMeta 729645728573
Task Configuration.
FSMetaConfig{writeType=CACHE_THROUGH, load=10001, expectedThroughput=10000.0, workDir=fsmeta_workers32, threadNum=30, cleanUp=false} commandType: CREATE_FILE level: 2 levelIgnored: 0 useFS: true dirSize: 100 blockSize: 524288000 fileSize: 0
Benchmark Result.
Number of errors: 0/320032
Latency.
       Value     Percentile TotalCount 1/(1-Percentile)

   35423.000 0.000000000000          1           1.00
  669695.000 0.100000000000      33674           1.11
  677375.000 0.200000000000      66558           1.25
  683007.000 0.300000000000      98947           1.43
  687615.000 0.400000000000     129300           1.67
  692223.000 0.500000000000     160602           2.00
  694783.000 0.550000000000     177932           2.22
  697343.000 0.600000000000     194450           2.50
  699903.000 0.650000000000     210360           2.86
  702463.000 0.700000000000     224719           3.33
  705535.000 0.750000000000     240299           4.00
  707583.000 0.775000000000     249579           4.44
  709631.000 0.800000000000     257973           5.00
  711679.000 0.825000000000     265311           5.71
  714239.000 0.850000000000     273147           6.67
  717311.000 0.875000000000     280825           8.00
  718847.000 0.887500000000     284162           8.89
  721407.000 0.900000000000     288658          10.00
  723967.000 0.912500000000     292306          11.43
  727551.000 0.925000000000     296198          13.33
  732671.000 0.937500000000     300082          16.00
  736767.000 0.943750000000     302064          17.78
  742911.000 0.950000000000     304105          20.00
  751103.000 0.956250000000     306044          22.86
  765439.000 0.962500000000     308036          26.67
  788479.000 0.968750000000     310067          32.00
  797183.000 0.971875000000     311039          35.56
  805375.000 0.975000000000     312059          40.00
  817663.000 0.978125000000     313046          45.71
  907263.000 0.981250000000     314040          53.33
  941055.000 0.984375000000     315034          64.00
 1036799.000 0.985937500000     315532          71.11
 1107967.000 0.987500000000     316051          80.00
 1127423.000 0.989062500000     316549          91.43
 1185791.000 0.990625000000     317033         106.67
 1303551.000 0.992187500000     317537         128.00
 1308671.000 0.992968750000     317794         142.22
 1317887.000 0.993750000000     318038         160.00
 1776639.000 0.994531250000     318295         182.86
 1783807.000 0.995312500000     318575         213.33
 1788927.000 0.996093750000     318787         256.00
 1793023.000 0.996484375000     318913         284.44
 1802239.000 0.996875000000     319040         320.00
 2916351.000 0.997265625000     319158         365.71
 3469311.000 0.997656250000     319285         426.67
 3573759.000 0.998046875000     319426         512.00
 3598335.000 0.998242187500     319471         568.89
 3647487.000 0.998437500000     319536         640.00
 3667967.000 0.998632812500     319599         731.43
 3688447.000 0.998828125000     319672         853.33
 3731455.000 0.999023437500     319728        1024.00
 3768319.000 0.999121093750     319754        1137.78
 3782655.000 0.999218750000     319784        1280.00
 3805183.000 0.999316406250     319817        1462.86
 3825663.000 0.999414062500     319847        1706.67
 3870719.000 0.999511718750     319876        2048.00
 3874815.000 0.999560546875     319894        2275.56
 3880959.000 0.999609375000     319907        2560.00
 3905535.000 0.999658203125     319924        2925.71
 3934207.000 0.999707031250     319943        3413.33
 3942399.000 0.999755859375     319954        4096.00
 3946495.000 0.999780273438     319968        4551.11
 3954687.000 0.999804687500     319980        5120.00
 3954687.000 0.999829101563     319980        5851.43
 3956735.000 0.999853515625     319994        6826.67
 3956735.000 0.999877929688     319994        8192.00
 3958783.000 0.999890136719     320006        9102.22
 3958783.000 0.999902343750     320006       10240.00
 3958783.000 0.999914550781     320006       11702.86
 3960831.000 0.999926757813     320009       13653.33
 3985407.000 0.999938964844     320019       16384.00
 3985407.000 0.999945068359     320019       18204.44
 3985407.000 0.999951171875     320019       20480.00
 3985407.000 0.999957275391     320019       23405.71
 3987455.000 0.999963378906     320027       27306.67
 3987455.000 0.999969482422     320027       32768.00
 3987455.000 0.999972534180     320027       36408.89
 3987455.000 0.999975585938     320027       40960.00
 3987455.000 0.999978637695     320027       46811.43
 3987455.000 0.999981689453     320027       54613.33
 3989503.000 0.999984741211     320029       65536.00
 3989503.000 0.999986267090     320029       72817.78
 3989503.000 0.999987792969     320029       81920.00
 3989503.000 0.999989318848     320029       93622.86
 4179967.000 0.999990844727     320030      109226.67
 4179967.000 0.999992370605     320030      131072.00
 4179967.000 0.999993133545     320030      145635.56
 4239359.000 0.999993896484     320031      163840.00
 4239359.000 0.999994659424     320031      187245.71
 4239359.000 0.999995422363     320031      218453.33
 4239359.000 0.999996185303     320031      262144.00
 4239359.000 0.999996566772     320031      291271.11
 4247551.000 0.999996948242     320032      327680.00
 4247551.000 1.000000000000     320032
#[Mean    =   709654.702, StdDeviation   =   179159.519]
#[Max     =  4247551.000, Total count    =       320032]
#[Buckets =           16, SubBuckets     =         2048]
Throughput.
Time series starts at 725000000000 with width 1000000000.
0 160
1 160
2 179
3 145
4 152
5 162
6 184
7 278
8 341
9 821
10 1118
11 1130
12 1229
13 1171
14 1291
15 1315
16 1333
17 1363
18 1333
19 1354
20 1357
21 1416
22 1377
23 1367
24 1382
25 1369
26 1370
27 1345
28 1400
29 1477
30 1439
31 1384
32 1346
33 1388
34 1338
35 1345
36 1365
37 1341
38 1388
39 1338
40 1392
41 1374
42 1338
43 1366
44 1367
45 1425
46 1389
47 1420
48 1356
49 1372
50 1330
51 1303
52 1401
53 1375
54 1421
55 1412
56 1410
57 1390
58 1394
59 1379
60 1371
61 1399
62 1404
63 1411
64 1370
65 1390
66 1383
67 1383
68 1413
69 1371
70 1412
71 1372
72 1398
73 1386
74 1417
75 1413
76 1417
77 1398
78 1413
79 1423
80 1415
81 1439
82 1414
83 1426
84 1376
85 1405
86 1363
87 1393
88 1388
89 1410
90 1392
91 1423
92 1380
93 1380
94 1395
95 1334
96 1404
97 1346
98 1351
99 1357
100 1331
101 1391
102 1359
103 1389
104 1369
105 1399
106 1392
107 1363
108 1415
109 1375
110 1429
111 1367
112 1431
113 1381
114 1401
115 1391
116 1402
117 1396
118 1389
119 1410
120 1379
121 1438
122 1356
123 1428
124 1371
125 1430
126 1380
127 1374
128 1374
129 1380
130 1380
131 1354
132 1412
133 1359
134 1378
135 1390
136 1360
137 1409
138 1385
139 1411
140 1370
141 1409
142 1368
143 1388
144 1370
145 1359
146 1379
147 1406
148 1405
149 1348
150 1403
151 1367
152 1378
153 1348
154 1347
155 1375
156 1343
157 1387
158 1362
159 1392
160 1366
161 1369
162 1410
163 1365
164 1426
165 1374
166 1343
167 1363
168 1384
169 1400
170 1332
171 1404
172 1307
173 1425
174 1348
175 1428
176 1361
177 1334
178 1345
179 1171
180 1056
181 1114
182 1134
183 1310
184 1332
185 1310
186 1349
187 1283
188 1393
189 1373
190 1383
191 1402
192 1382
193 1405
194 1378
195 1445
196 1364
197 1423
198 1361
199 1416
200 1374
201 1411
202 1394
203 1399
204 1399
205 1361
206 1426
207 1358
208 1411
209 1373
210 1422
211 1375
212 1400
213 1405
214 1382
215 1411
216 1358
217 1416
218 1353
219 1388
220 1238
221 1335
222 1408
223 1366
224 1431
225 1348
226 1357
227 1150
228 909
229 911
230 1224
231 1331
232 1367
233 1307
234 1393
235 1185
236 1205
237 1228
238 1223
239 1233
240 1224
241 1181
242 1147
243 515

FSMeta|command=LIST_STATUS|levelIgnored=0|missingFile=false|workers=32|writeType=CACHE_THROUGH|	FSMeta 968808627140
Task Configuration.
FSMetaConfig{writeType=CACHE_THROUGH, load=10001, expectedThroughput=10000.0, workDir=fsmeta_workers32, threadNum=30, cleanUp=false} commandType: LIST_STATUS level: 2 levelIgnored: 0 useFS: true dirSize: 100 blockSize: 524288000 fileSize: 0
Benchmark Result.
Number of errors: 0/320032
Latency.
       Value     Percentile TotalCount 1/(1-Percentile)

     274.000 0.000000000000          1           1.00
     396.000 0.100000000000      32099           1.11
     430.000 0.200000000000      64343           1.25
     465.000 0.300000000000      96114           1.43
     512.000 0.400000000000     128377           1.67
     621.000 0.500000000000     160133           2.00
     766.000 0.550000000000     176074           2.22
    1660.000 0.600000000000     192027           2.50
    2633.000 0.650000000000     208051           2.86
    3345.000 0.700000000000     224031           3.33
    4243.000 0.750000000000     240083           4.00
    4815.000 0.775000000000     248035           4.44
    5519.000 0.800000000000     256053           5.00
    6343.000 0.825000000000     264033           5.71
    7363.000 0.850000000000     272033           6.67
    8639.000 0.875000000000     280043           8.00
    9415.000 0.887500000000     284033           8.89
   10295.000 0.900000000000     288031          10.00
   11399.000 0.912500000000     292048          11.43
   12631.000 0.925000000000     296060          13.33
   14151.000 0.937500000000     300030          16.00
   15047.000 0.943750000000     302046          17.78
   16071.000 0.950000000000     304031          20.00
   17247.000 0.956250000000     306037          22.86
   18799.000 0.962500000000     308053          26.67
   20687.000 0.968750000000     310040          32.00
   21903.000 0.971875000000     311042          35.56
   23343.000 0.975000000000     312038          40.00
   25071.000 0.978125000000     313032          45.71
   27343.000 0.981250000000     314033          53.33
   30463.000 0.984375000000     315032          64.00
   32447.000 0.985937500000     315532          71.11
   34911.000 0.987500000000     316035          80.00
   37599.000 0.989062500000     316532          91.43
   41343.000 0.990625000000     317034         106.67
   46207.000 0.992187500000     317533         128.00
   49279.000 0.992968750000     317784         142.22
   51551.000 0.993750000000     318034         160.00
   54143.000 0.994531250000     318283         182.86
   56351.000 0.995312500000     318532         213.33
   59487.000 0.996093750000     318783         256.00
   61407.000 0.996484375000     318907         284.44
   63327.000 0.996875000000     319034         320.00
   65663.000 0.997265625000     319159         365.71
   68415.000 0.997656250000     319285         426.67
   71871.000 0.998046875000     319407         512.00
   73919.000 0.998242187500     319471         568.89
   76479.000 0.998437500000     319532         640.00
   79359.000 0.998632812500     319595         731.43
   82943.000 0.998828125000     319657         853.33
   86655.000 0.999023437500     319720        1024.00
   89407.000 0.999121093750     319751        1137.78
   92031.000 0.999218750000     319782        1280.00
   95423.000 0.999316406250     319814        1462.86
  100223.000 0.999414062500     319845        1706.67
  104447.000 0.999511718750     319876        2048.00
  107903.000 0.999560546875     319892        2275.56
  111167.000 0.999609375000     319907        2560.00
  117439.000 0.999658203125     319923        2925.71
  122303.000 0.999707031250     319939        3413.33
  127423.000 0.999755859375     319954        4096.00
  132479.000 0.999780273438     319962        4551.11
  135935.000 0.999804687500     319970        5120.00
  141695.000 0.999829101563     319978        5851.43
  148991.000 0.999853515625     319986        6826.67
  152319.000 0.999877929688     319993        8192.00
  153471.000 0.999890136719     319997        9102.22
  158079.000 0.999902343750     320001       10240.00
  160511.000 0.999914550781     320005       11702.86
  166015.000 0.999926757813     320009       13653.33
  169471.000 0.999938964844     320013       16384.00
  171135.000 0.999945068359     320015       18204.44
  173823.000 0.999951171875     320017       20480.00
  183551.000 0.999957275391     320019       23405.71
  190591.000 0.999963378906     320021       27306.67
  199295.000 0.999969482422     320023       32768.00
  203775.000 0.999972534180     320024       36408.89
  204031.000 0.999975585938     320025       40960.00
  208127.000 0.999978637695     320026       46811.43
  213375.000 0.999981689453     320027       54613.33
  219775.000 0.999984741211     320028       65536.00
  219775.000 0.999986267090     320028       72817.78
  238591.000 0.999987792969     320029       81920.00
  238591.000 0.999989318848     320029       93622.86
  258687.000 0.999990844727     320030      109226.67
  258687.000 0.999992370605     320030      131072.00
  258687.000 0.999993133545     320030      145635.56
  308223.000 0.999993896484     320031      163840.00
  308223.000 0.999994659424     320031      187245.71
  308223.000 0.999995422363     320031      218453.33
  308223.000 0.999996185303     320031      262144.00
  308223.000 0.999996566772     320031      291271.11
  349439.000 0.999996948242     320032      327680.00
  349439.000 1.000000000000     320032
#[Mean    =     3934.863, StdDeviation   =     8221.289]
#[Max     =   349439.000, Total count    =       320032]
#[Buckets =           16, SubBuckets     =         2048]
Throughput.
Time series starts at 962000000000 with width 1000000000.
0 6569
1 26713
2 6722
3 0
4 0
5 0
6 6186
7 21122
8 67310
9 100564
10 63814
11 21032

FSMeta|command=LIST_STATUS|levelIgnored=1|missingFile=false|workers=32|writeType=CACHE_THROUGH|	FSMeta 972830337891
Task Configuration.
FSMetaConfig{writeType=CACHE_THROUGH, load=10001, expectedThroughput=10000.0, workDir=fsmeta_workers32, threadNum=30, cleanUp=false} commandType: LIST_STATUS level: 2 levelIgnored: 1 useFS: true dirSize: 100 blockSize: 524288000 fileSize: 0
Benchmark Result.
Number of errors: 0/320032
Latency.
       Value     Percentile TotalCount 1/(1-Percentile)

    1707.000 0.000000000000          1           1.00
    8031.000 0.100000000000      32007           1.11
   34975.000 0.200000000000      64033           1.25
   43711.000 0.300000000000      96027           1.43
   65439.000 0.400000000000     128047           1.67
   78975.000 0.500000000000     160085           2.00
   89727.000 0.550000000000     176040           2.22
  104383.000 0.600000000000     192067           2.50
  115199.000 0.650000000000     208117           2.86
  132607.000 0.700000000000     224083           3.33
  154367.000 0.750000000000     240059           4.00
  169215.000 0.775000000000     248032           4.44
  187391.000 0.800000000000     256062           5.00
  211071.000 0.825000000000     264056           5.71
  242559.000 0.850000000000     272051           6.67
  292095.000 0.875000000000     280056           8.00
  327167.000 0.887500000000     284038           8.89
  370943.000 0.900000000000     288039          10.00
  427775.000 0.912500000000     292039          11.43
  506623.000 0.925000000000     296035          13.33
  611327.000 0.937500000000     300037          16.00
  679423.000 0.943750000000     302038          17.78
  768511.000 0.950000000000     304040          20.00
  890879.000 0.956250000000     306032          22.86
 1046527.000 0.962500000000     308031          26.67
 1240063.000 0.968750000000     310031          32.00
 1376255.000 0.971875000000     311040          35.56
 1539071.000 0.975000000000     312032          40.00
 1723391.000 0.978125000000     313032          45.71
 1969151.000 0.981250000000     314032          53.33
 2254847.000 0.984375000000     315032          64.00
 2451455.000 0.985937500000     315532          71.11
 2666495.000 0.987500000000     316032          80.00
 2942975.000 0.989062500000     316536          91.43
 3233791.000 0.990625000000     317033         106.67
 3598335.000 0.992187500000     317535         128.00
 3846143.000 0.992968750000     317783         142.22
 4102143.000 0.993750000000     318034         160.00
 4403199.000 0.994531250000     318284         182.86
 4747263.000 0.995312500000     318532         213.33
 5140479.000 0.996093750000     318785         256.00
 5386239.000 0.996484375000     318907         284.44
 5631999.000 0.996875000000     319035         320.00
 5935103.000 0.997265625000     319158         365.71
 6311935.000 0.997656250000     319282         426.67
 6742015.000 0.998046875000     319407         512.00
 6983679.000 0.998242187500     319470         568.89
 7245823.000 0.998437500000     319532         640.00
 7618559.000 0.998632812500     319595         731.43
 7942143.000 0.998828125000     319657         853.33
 8404991.000 0.999023437500     319722        1024.00
 8699903.000 0.999121093750     319751        1137.78
 9043967.000 0.999218750000     319782        1280.00
 9445375.000 0.999316406250     319814        1462.86
 9961471.000 0.999414062500     319846        1706.67
10428415.000 0.999511718750     319877        2048.00
10584063.000 0.999560546875     319892        2275.56
10838015.000 0.999609375000     319909        2560.00
11100159.000 0.999658203125     319923        2925.71
11501567.000 0.999707031250     319939        3413.33
11943935.000 0.999755859375     319954        4096.00
12378111.000 0.999780273438     319962        4551.11
12476415.000 0.999804687500     319970        5120.00
12926975.000 0.999829101563     319978        5851.43
13279231.000 0.999853515625     319986        6826.67
13672447.000 0.999877929688     319993        8192.00
13860863.000 0.999890136719     319997        9102.22
14409727.000 0.999902343750     320001       10240.00
14868479.000 0.999914550781     320005       11702.86
15269887.000 0.999926757813     320009       13653.33
15548415.000 0.999938964844     320013       16384.00
15925247.000 0.999945068359     320015       18204.44
16064511.000 0.999951171875     320017       20480.00
16326655.000 0.999957275391     320019       23405.71
16457727.000 0.999963378906     320022       27306.67
16523263.000 0.999969482422     320023       32768.00
17170431.000 0.999972534180     320024       36408.89
17203199.000 0.999975585938     320025       40960.00
17760255.000 0.999978637695     320026       46811.43
17973247.000 0.999981689453     320027       54613.33
20054015.000 0.999984741211     320028       65536.00
20054015.000 0.999986267090     320028       72817.78
20709375.000 0.999987792969     320029       81920.00
20709375.000 0.999989318848     320029       93622.86
20938751.000 0.999990844727     320030      109226.67
20938751.000 0.999992370605     320030      131072.00
20938751.000 0.999993133545     320030      145635.56
21037055.000 0.999993896484     320031      163840.00
21037055.000 0.999994659424     320031      187245.71
21037055.000 0.999995422363     320031      218453.33
21037055.000 0.999996185303     320031      262144.00
21037055.000 0.999996566772     320031      291271.11
21102591.000 0.999996948242     320032      327680.00
21102591.000 1.000000000000     320032
#[Mean    =   219969.694, StdDeviation   =   651226.556]
#[Max     = 21102591.000, Total count    =       320032]
#[Buckets =           16, SubBuckets     =         2048]
Throughput.
Time series starts at 966000000000 with width 1000000000.
0 44
1 258
2 456
3 496
4 511
5 553
6 795
7 1262
8 2490
9 3966
10 3673
11 3925
12 4186
13 4259
14 4289
15 4295
16 4338
17 4327
18 4253
19 4299
20 4280
21 4188
22 4352
23 4323
24 4373
25 4233
26 4279
27 4348
28 4331
29 4309
30 4313
31 4248
32 4269
33 4306
34 4198
35 4296
36 4265
37 4326
38 4282
39 4286
40 4289
41 4340
42 4304
43 4324
44 4257
45 4335
46 4306
47 4228
48 4355
49 4232
50 4250
51 4326
52 4256
53 4294
54 4279
55 4310
56 4239
57 4286
58 4318
59 4305
60 4218
61 4366
62 4271
63 4291
64 4301
65 4376
66 4294
67 4205
68 4271
69 4298
70 4284
71 4363
72 4472
73 4423
74 4273
75 3837
76 3602
77 3817
78 3623
79 3642
80 3677
81 3423
82 3051
83 1879
84 462

FSMeta|command=DELETE|levelIgnored=0|missingFile=false|workers=32|writeType=CACHE_THROUGH|	FSMeta 1049899158793
Task Configuration.
FSMetaConfig{writeType=CACHE_THROUGH, load=10001, expectedThroughput=10000.0, workDir=fsmeta_workers32, threadNum=30, cleanUp=false} commandType: DELETE level: 2 levelIgnored: 0 useFS: true dirSize: 100 blockSize: 524288000 fileSize: 0
Benchmark Result.
Number of errors: 0/320032
Latency.
       Value     Percentile TotalCount 1/(1-Percentile)

    2261.000 0.000000000000          1           1.00
   51871.000 0.100000000000      32382           1.11
   53503.000 0.200000000000      64743           1.25
   54719.000 0.300000000000      96388           1.43
   56159.000 0.400000000000     128471           1.67
   57695.000 0.500000000000     160519           2.00
   58399.000 0.550000000000     176154           2.22
   59071.000 0.600000000000     192287           2.50
   59743.000 0.650000000000     208169           2.86
   60639.000 0.700000000000     224247           3.33
   62079.000 0.750000000000     240114           4.00
   63455.000 0.775000000000     248032           4.44
   66111.000 0.800000000000     256135           5.00
  162303.000 0.825000000000     264097           5.71
  169855.000 0.850000000000     272138           6.67
  174463.000 0.875000000000     280068           8.00
  178047.000 0.887500000000     284068           8.89
  185727.000 0.900000000000     288032          10.00
  283903.000 0.912500000000     292042          11.43
  294911.000 0.925000000000     296042          13.33
  400895.000 0.937500000000     300043          16.00
  414463.000 0.943750000000     302047          17.78
  514815.000 0.950000000000     304040          20.00
  608255.000 0.956250000000     306031          22.86
  728575.000 0.962500000000     308031          26.67
  876031.000 0.968750000000     310042          32.00
  990207.000 0.971875000000     311038          35.56
 1111039.000 0.975000000000     312034          40.00
 1315839.000 0.978125000000     313036          45.71
 1543167.000 0.981250000000     314039          53.33
 1802239.000 0.984375000000     315033          64.00
 1997823.000 0.985937500000     315532          71.11
 2146303.000 0.987500000000     316038          80.00
 2385919.000 0.989062500000     316532          91.43
 2674687.000 0.990625000000     317032         106.67
 3043327.000 0.992187500000     317536         128.00
 3209215.000 0.992968750000     317783         142.22
 3436543.000 0.993750000000     318034         160.00
 3727359.000 0.994531250000     318284         182.86
 4038655.000 0.995312500000     318534         213.33
 4362239.000 0.996093750000     318785         256.00
 4558847.000 0.996484375000     318907         284.44
 4833279.000 0.996875000000     319032         320.00
 5132287.000 0.997265625000     319157         365.71
 5468159.000 0.997656250000     319285         426.67
 5881855.000 0.998046875000     319407         512.00
 6143999.000 0.998242187500     319470         568.89
 6430719.000 0.998437500000     319532         640.00
 6737919.000 0.998632812500     319596         731.43
 7188479.000 0.998828125000     319657         853.33
 7643135.000 0.999023437500     319722        1024.00
 8003583.000 0.999121093750     319751        1137.78
 8286207.000 0.999218750000     319782        1280.00
 8626175.000 0.999316406250     319815        1462.86
 9199615.000 0.999414062500     319846        1706.67
 9682943.000 0.999511718750     319878        2048.00
 9920511.000 0.999560546875     319892        2275.56
10190847.000 0.999609375000     319908        2560.00
10682367.000 0.999658203125     319923        2925.71
10911743.000 0.999707031250     319939        3413.33
11345919.000 0.999755859375     319954        4096.00
11599871.000 0.999780273438     319963        4551.11
12197887.000 0.999804687500     319970        5120.00
12664831.000 0.999829101563     319978        5851.43
13262847.000 0.999853515625     319986        6826.67
13664255.000 0.999877929688     319993        8192.00
13934591.000 0.999890136719     319997        9102.22
14319615.000 0.999902343750     320001       10240.00
14606335.000 0.999914550781     320006       11702.86
14917631.000 0.999926757813     320009       13653.33
16015359.000 0.999938964844     320013       16384.00
16973823.000 0.999945068359     320015       18204.44
17727487.000 0.999951171875     320017       20480.00
18792447.000 0.999957275391     320019       23405.71
19578879.000 0.999963378906     320021       27306.67
20709375.000 0.999969482422     320023       32768.00
21544959.000 0.999972534180     320024       36408.89
22020095.000 0.999975585938     320025       40960.00
22200319.000 0.999978637695     320026       46811.43
23265279.000 0.999981689453     320027       54613.33
29016063.000 0.999984741211     320028       65536.00
29016063.000 0.999986267090     320028       72817.78
29802495.000 0.999987792969     320029       81920.00
29802495.000 0.999989318848     320029       93622.86
32129023.000 0.999990844727     320030      109226.67
32129023.000 0.999992370605     320030      131072.00
32129023.000 0.999993133545     320030      145635.56
34635775.000 0.999993896484     320031      163840.00
34635775.000 0.999994659424     320031      187245.71
34635775.000 0.999995422363     320031      218453.33
34635775.000 0.999996185303     320031      262144.00
34635775.000 0.999996566772     320031      291271.11
34897919.000 0.999996948242     320032      327680.00
34897919.000 1.000000000000     320032
#[Mean    =   167620.610, StdDeviation   =   576636.397]
#[Max     = 34897919.000, Total count    =       320032]
#[Buckets =           16, SubBuckets     =         2048]
Throughput.
Time series starts at 1043000000000 with width 1000000000.
0 210
1 691
2 706
3 704
4 695
5 688
6 705
7 1228
8 5708
9 5289
10 5474
11 5603
12 5578
13 5556
14 5549
15 5569
16 5491
17 5553
18 5461
19 5495
20 5570
21 5612
22 5578
23 5593
24 5595
25 5616
26 5519
27 5494
28 5497
29 5512
30 5543
31 5599
32 5605
33 5556
34 5561
35 5567
36 5529
37 5533
38 5641
39 5705
40 5712
41 5532
42 5522
43 5488
44 5536
45 5553
46 5566
47 5621
48 5693
49 5644
50 5637
51 5647
52 5613
53 5704
54 5502
55 5589
56 5564
57 5143
58 4817
59 4829
60 4825
61 4745
62 4807
63 4881
64 4228
65 2402
66 854

FSMeta|command=LIST_STATUS|levelIgnored=0|missingFile=true|workers=32|writeType=CACHE_THROUGH|	FSMeta 1109008540533
Task Configuration.
FSMetaConfig{writeType=CACHE_THROUGH, load=10001, expectedThroughput=10000.0, workDir=fsmeta_workers32, threadNum=30, cleanUp=false} commandType: LIST_STATUS level: 2 levelIgnored: 0 useFS: true dirSize: 100 blockSize: 524288000 fileSize: 0
Benchmark Result.
Number of errors: 320032/320032
Latency.
       Value     Percentile TotalCount 1/(1-Percentile)

     570.000 0.000000000000          1           1.00
   41567.000 0.100000000000      32018           1.11
   50015.000 0.200000000000      64186           1.25
   51999.000 0.300000000000      96500           1.43
   54271.000 0.400000000000     128165           1.67
   59263.000 0.500000000000     160065           2.00
   63391.000 0.550000000000     176049           2.22
   68543.000 0.600000000000     192074           2.50
   73919.000 0.650000000000     208187           2.86
   79295.000 0.700000000000     224106           3.33
   84671.000 0.750000000000     240131           4.00
   87423.000 0.775000000000     248033           4.44
   90239.000 0.800000000000     256140           5.00
   92991.000 0.825000000000     264204           5.71
   95551.000 0.850000000000     272207           6.67
   97919.000 0.875000000000     280106           8.00
   99071.000 0.887500000000     284258           8.89
  100031.000 0.900000000000     288095          10.00
  101055.000 0.912500000000     292158          11.43
  102079.000 0.925000000000     296061          13.33
  103231.000 0.937500000000     300074          16.00
  103935.000 0.943750000000     302183          17.78
  104703.000 0.950000000000     304182          20.00
  105535.000 0.956250000000     306071          22.86
  106623.000 0.962500000000     308078          26.67
  108095.000 0.968750000000     310036          32.00
  109119.000 0.971875000000     311062          35.56
  110335.000 0.975000000000     312090          40.00
  111743.000 0.978125000000     313042          45.71
  113599.000 0.981250000000     314039          53.33
  116031.000 0.984375000000     315035          64.00
  117695.000 0.985937500000     315533          71.11
  120383.000 0.987500000000     316039          80.00
  124479.000 0.989062500000     316533          91.43
  129599.000 0.990625000000     317032         106.67
  135423.000 0.992187500000     317535         128.00
  138751.000 0.992968750000     317783         142.22
  142719.000 0.993750000000     318033         160.00
  146815.000 0.994531250000     318293         182.86
  149503.000 0.995312500000     318539         213.33
  151551.000 0.996093750000     318793         256.00
  152575.000 0.996484375000     318909         284.44
  153983.000 0.996875000000     319035         320.00
  155007.000 0.997265625000     319163         365.71
  156031.000 0.997656250000     319282         426.67
  157439.000 0.998046875000     319409         512.00
  158207.000 0.998242187500     319473         568.89
  159103.000 0.998437500000     319534         640.00
  160383.000 0.998632812500     319599         731.43
  162047.000 0.998828125000     319661         853.33
  163711.000 0.999023437500     319721        1024.00
  164863.000 0.999121093750     319753        1137.78
  166015.000 0.999218750000     319784        1280.00
  167551.000 0.999316406250     319820        1462.86
  169215.000 0.999414062500     319845        1706.67
  171263.000 0.999511718750     319876        2048.00
  173439.000 0.999560546875     319892        2275.56
  177023.000 0.999609375000     319907        2560.00
  182527.000 0.999658203125     319923        2925.71
  187647.000 0.999707031250     319939        3413.33
  200063.000 0.999755859375     319954        4096.00
  203263.000 0.999780273438     319962        4551.11
  204031.000 0.999804687500     319970        5120.00
  205823.000 0.999829101563     319979        5851.43
  207103.000 0.999853515625     319986        6826.67
  208383.000 0.999877929688     319994        8192.00
  208895.000 0.999890136719     319997        9102.22
  209279.000 0.999902343750     320002       10240.00
  211967.000 0.999914550781     320005       11702.86
  213631.000 0.999926757813     320009       13653.33
  214783.000 0.999938964844     320013       16384.00
  215679.000 0.999945068359     320015       18204.44
  216959.000 0.999951171875     320017       20480.00
  222975.000 0.999957275391     320019       23405.71
  238591.000 0.999963378906     320021       27306.67
  249087.000 0.999969482422     320023       32768.00
  250367.000 0.999972534180     320024       36408.89
  261887.000 0.999975585938     320025       40960.00
  262911.000 0.999978637695     320026       46811.43
  266495.000 0.999981689453     320027       54613.33
  267519.000 0.999984741211     320028       65536.00
  267519.000 0.999986267090     320028       72817.78
  270591.000 0.999987792969     320029       81920.00
  270591.000 0.999989318848     320029       93622.86
  282367.000 0.999990844727     320030      109226.67
  282367.000 0.999992370605     320030      131072.00
  282367.000 0.999993133545     320030      145635.56
  292863.000 0.999993896484     320031      163840.00
  292863.000 0.999994659424     320031      187245.71
  292863.000 0.999995422363     320031      218453.33
  292863.000 0.999996185303     320031      262144.00
  292863.000 0.999996566772     320031      291271.11
  300799.000 0.999996948242     320032      327680.00
  300799.000 1.000000000000     320032
#[Mean    =    65673.805, StdDeviation   =    25433.398]
#[Max     =   300799.000, Total count    =       320032]
#[Buckets =           16, SubBuckets     =         2048]
Throughput.
Time series starts at 1102000000000 with width 1000000000.
0 562
1 1772
2 1751
3 1698
4 1635
5 1788
6 1728
7 3160
8 5964
9 10837
10 14095
11 14379
12 14325
13 14044
14 14302
15 14431
16 14409
17 14496
18 14459
19 14186
20 14331
21 14486
22 14655
23 13023
24 12623
25 12518
26 12684
27 12509
28 12502
29 11561
30 10365
31 3783
32 971

