/n/n############# EXP1: Test Large File ############
    Write 4*1000 files in Java, each one has size 4K.
    Write a file with size = 40M in Java.
    Write 4*1000 files in Java.
    Write a file with size = 1G in Java.
    Write 4*1000 files in Java.
################################



write 4*1000 files (size=4KB)

9.962 3.084 0.296
5.003 2.648 0.320
4.655 2.528 0.300
4.539 2.464 0.312


write 1*1 files (size=40960KB)

18.079 5.788 1.472


write 4*1000 files (size=4KB)

4.550 2.628 0.296
4.474 2.472 0.332
4.465 2.492 0.336
4.533 2.664 0.236


write 1*1 files (size=1048576KB)

18.526 6.440 1.728


write 4*1000 files (size=4KB)

4.363 2.516 0.268
4.434 2.512 0.308
4.422 2.592 0.252
4.349 2.504 0.316
/n/n########### EXP2 Test Large number of small files.  ############
    Write 20 * 10K files in Java, each one has size of 4K (200K blocks in total).
###############################



write 20*10000 files (size=4KB)

38.934 8.584 2.224
31.615 8.032 2.256
32.741 7.956 2.016
34.340 7.960 2.012
37.456 8.160 1.940
41.601 8.036 2.024
45.589 7.952 2.152
51.795 8.164 2.040
69.899 8.880 2.192
71.254 8.920 2.024
67.185 8.020 2.220
74.076 8.596 2.256
88.769 8.972 2.108
98.440 9.220 2.144
103.596 9.292 2.136
114.764 9.532 2.220
126.214 9.640 2.316
125.621 9.696 2.228
141.836 10.028 2.304
142.506 9.452 2.284


########### EXP3 Test Large number of blocks. #############
    Set block size to be 4K.
    Write 8*1000 files in Java (to warm up Alluxio), each one has size 4K.
    Repeat the following 10 times.
      Write 16*1 file with size=4M (=> 16*4M/4K=16K blocks).
      Write 4*1000 files, size = 4K
    Reset block size to the default (512M) 
########################################



write 8*1000 files (size=4KB)

9.570 2.956 0.244
4.941 2.552 0.304
4.636 2.528 0.284
4.542 2.600 0.232
4.535 2.472 0.368
4.429 2.532 0.328
4.251 2.456 0.324
4.236 2.404 0.356


write 16*1 files (size=4096KB)

7.099 3.244 0.476
7.052 3.100 0.508
7.025 3.172 0.552
7.086 3.232 0.528
7.298 3.240 0.604
7.414 3.300 0.596
7.372 3.260 0.580
7.444 3.384 0.592
7.255 3.276 0.524
7.274 3.200 0.596
7.399 3.216 0.656
7.253 3.172 0.596
7.368 3.224 0.576
7.208 3.172 0.568
7.060 3.156 0.544
7.091 3.164 0.548


write 4*1000 files (size=4KB)

4.444 2.472 0.304
4.489 2.520 0.288
4.572 2.520 0.288
4.508 2.416 0.272


write 16*1 files (size=4096KB)

7.252 3.252 0.520
7.360 3.200 0.516
7.151 3.084 0.528
7.343 3.216 0.548
7.192 3.184 0.520
7.249 3.196 0.540
7.256 3.200 0.496
7.250 3.128 0.564
7.436 3.172 0.548
7.288 3.160 0.536
7.483 3.288 0.464
7.339 3.268 0.448
7.453 3.156 0.600
7.366 3.020 0.592
7.431 3.216 0.436
7.444 3.180 0.552


write 4*1000 files (size=4KB)

4.716 2.516 0.268
4.799 2.544 0.228
4.901 2.632 0.348
4.823 2.636 0.292


write 16*1 files (size=4096KB)

7.649 3.296 0.492
7.639 3.244 0.528
7.679 3.124 0.628
8.072 3.516 0.540
8.143 3.340 0.560
8.257 3.348 0.532
7.909 3.276 0.528
8.007 3.248 0.616
8.095 3.364 0.568
8.359 3.428 0.564
8.354 3.452 0.596
7.935 3.372 0.480
7.882 3.268 0.560
8.025 3.200 0.608
7.881 3.248 0.560
7.759 3.040 0.628


write 4*1000 files (size=4KB)

5.254 2.536 0.296
5.112 2.512 0.296
5.123 2.512 0.304
5.283 2.512 0.284


write 16*1 files (size=4096KB)

7.807 3.256 0.512
7.839 3.248 0.552
8.269 3.292 0.604
7.893 3.232 0.524
8.009 3.284 0.520
7.893 3.248 0.548
8.021 3.240 0.540
7.887 3.160 0.640
8.144 3.188 0.616
8.028 3.232 0.564
8.154 3.320 0.528
8.018 3.128 0.668
8.223 3.264 0.580
8.651 3.588 0.512
8.415 3.392 0.556
8.068 3.188 0.620


write 4*1000 files (size=4KB)

5.841 2.552 0.276
5.447 2.516 0.284
5.682 2.576 0.356
5.829 2.492 0.328


write 16*1 files (size=4096KB)

8.946 3.448 0.632
8.878 3.456 0.608
8.740 3.592 0.544
8.692 3.460 0.632
8.777 3.492 0.640
8.876 3.644 0.556
8.865 3.444 0.660
8.539 3.552 0.504
8.281 3.248 0.496
8.558 3.396 0.580
8.508 3.420 0.544
8.660 3.452 0.556
8.538 3.388 0.556
8.673 3.412 0.560
8.568 3.452 0.580
8.760 3.452 0.520


write 4*1000 files (size=4KB)

6.140 2.636 0.284
6.088 2.560 0.252
6.544 2.552 0.312
6.249 2.584 0.260


write 16*1 files (size=4096KB)

8.968 3.420 0.632
8.879 3.428 0.576
8.872 3.504 0.548
8.728 3.372 0.620
8.901 3.420 0.600
8.779 3.304 0.620
8.972 3.536 0.520
8.806 3.324 0.672
8.899 3.544 0.524
8.838 3.468 0.576
9.006 3.684 0.616
9.072 3.480 0.552
8.941 3.460 0.536
9.566 3.584 0.600
8.963 3.496 0.508
