0.606 0.476 0.128
0.607 0.496 0.108
0.604 0.484 0.116
0.607 0.484 0.120
0.603 0.488 0.112
0.609 0.500 0.108
0.606 0.512 0.092
0.606 0.480 0.124
0.610 0.500 0.108
0.610 0.480 0.128
0.608 0.504 0.100
0.610 0.504 0.104
0.610 0.472 0.136
0.611 0.484 0.124
0.608 0.528 0.076
0.611 0.480 0.128
0.610 0.528 0.080
0.611 0.472 0.136
0.605 0.456 0.144
0.604 0.496 0.104
0.608 0.500 0.104
0.608 0.508 0.096
0.604 0.476 0.124
0.609 0.496 0.108
0.607 0.488 0.116
0.609 0.456 0.148
0.603 0.500 0.100
0.607 0.476 0.128
0.608 0.512 0.092
0.608 0.496 0.108
0.607 0.496 0.108
0.605 0.484 0.116
0.607 0.484 0.120
0.609 0.512 0.096
0.607 0.512 0.092
0.611 0.536 0.072
0.610 0.520 0.088
0.608 0.444 0.160
0.613 0.496 0.116
0.610 0.476 0.132
0.611 0.512 0.096
0.609 0.504 0.104
0.605 0.520 0.080
0.607 0.520 0.084
0.610 0.500 0.108
0.610 0.512 0.096
0.611 0.496 0.112
0.611 0.488 0.120
0.607 0.500 0.104
0.609 0.492 0.112
0.607 0.492 0.112
0.608 0.476 0.128
0.612 0.460 0.148
0.609 0.464 0.140
0.610 0.456 0.152
0.608 0.496 0.108
0.609 0.488 0.120
0.609 0.468 0.140
0.608 0.484 0.120
0.612 0.504 0.104
0.606 0.488 0.116
0.610 0.500 0.108
0.609 0.524 0.080
0.612 0.472 0.136
0.610 0.492 0.116
0.612 0.508 0.100
0.610 0.484 0.124
0.610 0.476 0.132
0.616 0.488 0.124
0.612 0.536 0.072
0.611 0.488 0.120
0.610 0.484 0.124
0.608 0.488 0.116
0.610 0.492 0.116
0.610 0.488 0.120
0.612 0.492 0.116
0.615 0.532 0.080
0.621 0.492 0.124
0.640 0.524 0.112
0.609 0.492 0.116
0.606 0.452 0.152
0.610 0.460 0.148
0.611 0.488 0.120
0.614 0.528 0.084
0.613 0.488 0.124
0.616 0.476 0.136
0.612 0.500 0.108
0.613 0.492 0.116
0.608 0.532 0.072
0.607 0.456 0.148
0.608 0.464 0.140
0.613 0.468 0.144
0.614 0.512 0.100
0.616 0.476 0.136
0.613 0.488 0.124
0.616 0.512 0.100
0.613 0.516 0.096
0.611 0.460 0.148
0.612 0.464 0.144
0.615 0.484 0.128
0.617 0.524 0.092
0.619 0.492 0.124
0.618 0.528 0.088
0.616 0.488 0.124
0.617 0.484 0.128
0.615 0.516 0.096
0.617 0.508 0.108
0.620 0.476 0.140
0.618 0.496 0.120
0.617 0.484 0.128
0.619 0.508 0.108
0.621 0.492 0.128
0.617 0.524 0.092
0.615 0.496 0.116
0.617 0.484 0.128
0.623 0.500 0.120
0.614 0.496 0.116
0.619 0.516 0.100
0.621 0.532 0.088
0.617 0.440 0.172
0.619 0.488 0.128
0.620 0.468 0.148
0.616 0.496 0.116
0.619 0.504 0.112
0.618 0.492 0.124
0.621 0.496 0.120
0.620 0.480 0.136
0.620 0.512 0.104
0.619 0.496 0.120
0.617 0.480 0.136
0.620 0.532 0.084
0.620 0.476 0.140
0.620 0.456 0.160
0.619 0.516 0.100
0.618 0.492 0.124
0.622 0.516 0.104
0.616 0.484 0.128
0.623 0.476 0.144
0.621 0.500 0.116
0.621 0.520 0.096
0.621 0.472 0.144
0.623 0.520 0.100
0.621 0.492 0.128
0.621 0.484 0.132
0.621 0.480 0.136
0.620 0.460 0.156
0.617 0.512 0.104
0.622 0.516 0.104
0.622 0.504 0.116
0.616 0.496 0.116
0.622 0.520 0.100
0.618 0.488 0.128
0.617 0.476 0.136
0.614 0.492 0.120
0.619 0.520 0.096
0.622 0.532 0.088
0.616 0.476 0.136
0.620 0.500 0.116
0.616 0.492 0.120
0.618 0.480 0.136
0.618 0.496 0.120
0.618 0.456 0.160
