0.252 0.160 0.092
0.303 0.152 0.148
0.300 0.196 0.104
0.276 0.180 0.092
0.272 0.168 0.100
0.285 0.168 0.116
0.304 0.188 0.112
0.302 0.176 0.124
0.299 0.188 0.108
0.296 0.180 0.116
0.299 0.196 0.100
0.304 0.208 0.096
0.299 0.176 0.120
0.310 0.212 0.096
0.304 0.204 0.096
0.276 0.156 0.120
0.290 0.192 0.096
0.300 0.220 0.080
0.285 0.212 0.072
0.268 0.172 0.092
0.271 0.172 0.096
0.252 0.192 0.060
0.255 0.172 0.080
0.266 0.176 0.088
0.271 0.188 0.080
0.266 0.176 0.088
0.274 0.180 0.092
0.258 0.184 0.072
0.270 0.200 0.068
0.293 0.176 0.116
0.246 0.152 0.092
0.258 0.144 0.112
0.253 0.176 0.076
0.246 0.164 0.080
0.254 0.140 0.112
0.255 0.192 0.060
0.254 0.196 0.056
0.252 0.192 0.056
0.251 0.148 0.100
0.271 0.188 0.080
0.245 0.168 0.076
0.247 0.136 0.108
0.249 0.168 0.080
0.243 0.160 0.080
0.262 0.164 0.096
0.251 0.168 0.080
0.258 0.180 0.076
0.250 0.164 0.084
0.266 0.160 0.104
0.250 0.172 0.076
0.250 0.176 0.072
0.259 0.168 0.088
0.261 0.152 0.108
0.255 0.180 0.072
0.258 0.160 0.096
0.249 0.176 0.072
0.253 0.196 0.056
0.244 0.168 0.072
0.252 0.204 0.044
0.252 0.184 0.064
0.249 0.192 0.056
0.250 0.160 0.088
0.247 0.136 0.108
0.247 0.160 0.084
0.247 0.180 0.064
0.246 0.196 0.048
0.249 0.188 0.060
0.249 0.200 0.048
0.259 0.172 0.084
0.243 0.168 0.072
0.255 0.192 0.060
0.250 0.184 0.064
0.255 0.192 0.060
0.249 0.172 0.076
0.249 0.160 0.088
0.266 0.168 0.096
0.261 0.160 0.100
0.244 0.172 0.068
0.238 0.148 0.088
0.236 0.192 0.044
0.241 0.156 0.084
0.263 0.180 0.080
0.244 0.176 0.068
0.241 0.140 0.100
0.249 0.160 0.088
0.245 0.140 0.104
0.245 0.156 0.088
0.242 0.192 0.048
0.248 0.176 0.072
0.246 0.180 0.064
0.244 0.168 0.076
0.244 0.148 0.092
0.262 0.156 0.104
0.250 0.160 0.088
0.242 0.136 0.104
0.243 0.160 0.080
0.249 0.176 0.072
0.253 0.176 0.076
0.252 0.168 0.084
0.243 0.172 0.068
0.251 0.136 0.112
0.250 0.192 0.056
0.252 0.136 0.116
0.249 0.184 0.064
0.257 0.176 0.080
0.250 0.156 0.092
0.251 0.168 0.080
0.242 0.172 0.068
0.248 0.160 0.084
0.246 0.180 0.064
0.246 0.152 0.092
0.249 0.180 0.068
0.257 0.180 0.076
0.249 0.152 0.096
0.254 0.164 0.088
0.249 0.148 0.100
0.271 0.192 0.076
0.293 0.192 0.100
0.267 0.156 0.108
0.259 0.192 0.064
0.252 0.164 0.084
0.269 0.160 0.108
0.315 0.188 0.124
0.278 0.200 0.076
0.275 0.192 0.076
0.288 0.188 0.092
0.261 0.172 0.080
0.279 0.176 0.096
0.258 0.184 0.064
0.284 0.200 0.084
0.300 0.180 0.116
0.277 0.192 0.084
0.282 0.180 0.096
0.281 0.172 0.108
0.256 0.164 0.088
0.250 0.176 0.072
0.344 0.200 0.136
0.270 0.188 0.080
0.256 0.148 0.108
0.286 0.156 0.128
0.288 0.212 0.072
0.281 0.180 0.100
0.268 0.212 0.056
0.268 0.188 0.076
0.293 0.224 0.068
0.294 0.200 0.092
0.235 0.168 0.064
0.254 0.180 0.072
0.307 0.216 0.088
0.276 0.188 0.084
0.306 0.188 0.116
0.259 0.196 0.060
0.287 0.184 0.100
0.256 0.184 0.068
0.285 0.208 0.076
0.272 0.188 0.080
0.271 0.180 0.088
