0.177 0.148 0.028
0.177 0.140 0.036
0.178 0.128 0.048
0.180 0.124 0.056
0.186 0.124 0.060
0.184 0.148 0.036
0.180 0.116 0.064
0.185 0.148 0.036
0.185 0.128 0.056
0.184 0.124 0.060
0.181 0.120 0.060
0.181 0.100 0.080
0.193 0.120 0.072
0.187 0.112 0.072
0.182 0.124 0.056
0.184 0.124 0.060
0.185 0.132 0.052
0.184 0.132 0.052
0.187 0.128 0.056
0.185 0.124 0.060
0.183 0.108 0.072
0.183 0.128 0.052
0.184 0.124 0.056
0.195 0.116 0.076
0.183 0.104 0.076
0.192 0.128 0.060
0.183 0.124 0.056
0.190 0.120 0.068
0.183 0.108 0.072
0.190 0.140 0.048
0.178 0.128 0.048
0.185 0.132 0.052
0.185 0.128 0.056
0.180 0.132 0.048
0.192 0.116 0.076
0.183 0.108 0.072
0.193 0.140 0.052
0.188 0.128 0.060
0.188 0.124 0.064
0.185 0.128 0.056
0.197 0.148 0.048
0.183 0.120 0.060
0.188 0.128 0.056
0.184 0.132 0.052
0.184 0.132 0.048
0.188 0.132 0.056
0.184 0.128 0.056
0.186 0.116 0.068
0.183 0.128 0.052
0.184 0.120 0.064
0.186 0.136 0.048
0.184 0.124 0.060
0.194 0.112 0.080
0.184 0.112 0.068
0.188 0.108 0.080
0.221 0.148 0.072
0.193 0.148 0.044
0.185 0.120 0.064
0.181 0.112 0.068
0.191 0.104 0.084
0.188 0.116 0.072
0.190 0.124 0.064
0.184 0.124 0.060
0.187 0.120 0.064
0.180 0.124 0.052
0.188 0.120 0.068
0.187 0.148 0.036
0.184 0.136 0.048
0.189 0.124 0.064
0.181 0.100 0.080
0.186 0.128 0.056
0.184 0.120 0.064
0.191 0.120 0.068
0.192 0.112 0.080
0.187 0.124 0.060
0.186 0.120 0.064
0.190 0.112 0.076
0.183 0.128 0.052
0.179 0.116 0.060
0.193 0.136 0.056
0.180 0.132 0.044
0.187 0.112 0.072
0.188 0.124 0.064
0.191 0.128 0.060
0.185 0.128 0.056
0.183 0.124 0.056
0.181 0.108 0.072
0.194 0.104 0.088
0.196 0.128 0.068
0.189 0.108 0.080
0.181 0.112 0.068
0.186 0.124 0.060
0.184 0.124 0.056
0.195 0.132 0.060
0.182 0.128 0.052
0.185 0.132 0.052
0.184 0.136 0.048
0.187 0.136 0.048
0.187 0.140 0.044
0.182 0.092 0.088
