0.184 0.120 0.060
0.179 0.116 0.060
0.185 0.124 0.060
0.175 0.132 0.040
0.179 0.108 0.068
0.181 0.116 0.064
0.179 0.120 0.056
0.184 0.128 0.056
0.180 0.104 0.076
0.184 0.112 0.068
0.185 0.120 0.064
0.183 0.152 0.028
0.183 0.112 0.068
0.187 0.116 0.068
0.186 0.128 0.056
0.186 0.128 0.056
0.183 0.136 0.044
0.180 0.128 0.052
0.181 0.104 0.076
0.183 0.140 0.040
0.193 0.128 0.064
0.192 0.140 0.052
0.195 0.108 0.084
0.196 0.124 0.068
0.191 0.120 0.068
0.184 0.112 0.068
0.183 0.120 0.060
0.182 0.104 0.076
0.183 0.132 0.048
0.182 0.120 0.060
0.184 0.112 0.068
0.186 0.144 0.040
0.181 0.136 0.044
0.186 0.108 0.076
0.188 0.140 0.048
0.181 0.112 0.068
0.192 0.136 0.056
0.192 0.120 0.072
0.186 0.124 0.060
0.185 0.120 0.064
0.182 0.128 0.052
0.183 0.132 0.048
0.184 0.132 0.052
0.185 0.112 0.072
0.181 0.116 0.064
0.189 0.124 0.064
0.186 0.132 0.052
0.184 0.116 0.068
0.186 0.140 0.044
0.185 0.100 0.084
0.185 0.132 0.052
0.184 0.136 0.048
0.187 0.132 0.052
0.183 0.112 0.068
0.187 0.136 0.048
0.182 0.120 0.060
0.181 0.128 0.052
0.181 0.108 0.072
0.186 0.100 0.084
0.181 0.124 0.056
0.179 0.140 0.036
0.188 0.124 0.064
0.180 0.108 0.072
0.190 0.108 0.080
0.178 0.112 0.064
0.182 0.144 0.036
0.183 0.112 0.068
0.183 0.120 0.060
0.183 0.088 0.092
0.191 0.104 0.084
0.181 0.120 0.060
0.184 0.108 0.076
0.186 0.132 0.052
0.193 0.128 0.064
0.183 0.140 0.040
0.190 0.132 0.056
0.181 0.128 0.052
0.186 0.112 0.072
0.183 0.124 0.056
0.183 0.096 0.084
0.188 0.116 0.072
0.182 0.112 0.068
0.186 0.132 0.052
0.189 0.128 0.060
0.186 0.116 0.068
0.187 0.116 0.068
0.185 0.132 0.052
0.180 0.120 0.060
0.185 0.140 0.044
0.185 0.120 0.064
0.183 0.116 0.064
0.183 0.124 0.056
0.187 0.124 0.060
0.186 0.140 0.044
0.186 0.132 0.052
0.192 0.112 0.076
0.188 0.112 0.072
0.184 0.112 0.072
0.183 0.108 0.072
0.183 0.136 0.044
