0.660 0.048 0.084
0.665 0.048 0.084
0.662 0.060 0.076
0.659 0.056 0.076
0.662 0.044 0.092
0.659 0.052 0.080
0.660 0.048 0.084
0.663 0.060 0.076
0.660 0.044 0.092
0.657 0.060 0.072
0.659 0.056 0.076
0.660 0.064 0.072
0.662 0.036 0.100
0.660 0.068 0.068
0.662 0.076 0.060
0.667 0.040 0.100
0.663 0.056 0.080
0.662 0.048 0.088
0.662 0.068 0.068
0.662 0.048 0.088
0.661 0.060 0.076
0.658 0.068 0.064
0.660 0.024 0.112
0.662 0.068 0.068
0.662 0.068 0.068
0.659 0.064 0.072
0.665 0.056 0.080
0.662 0.052 0.084
0.661 0.036 0.100
0.663 0.056 0.080
0.662 0.076 0.060
0.662 0.052 0.084
0.853 0.056 0.092
1.373 0.100 0.048
0.663 0.032 0.100
0.666 0.080 0.056
0.664 0.032 0.104
0.668 0.060 0.076
1.071 0.060 0.080
0.660 0.060 0.076
0.662 0.056 0.076
0.659 0.028 0.104
0.660 0.056 0.076
0.663 0.036 0.100
0.669 0.024 0.108
0.662 0.044 0.092
0.662 0.092 0.044
0.663 0.044 0.092
0.664 0.068 0.068
0.659 0.068 0.064
0.662 0.048 0.088
0.666 0.048 0.088
0.662 0.064 0.068
0.663 0.048 0.088
0.659 0.048 0.088
0.662 0.072 0.064
0.661 0.056 0.080
0.661 0.048 0.084
0.661 0.052 0.084
0.669 0.048 0.088
0.661 0.040 0.096
0.664 0.072 0.064
0.664 0.048 0.088
0.663 0.040 0.100
0.662 0.048 0.088
0.662 0.056 0.080
0.663 0.048 0.088
0.663 0.048 0.088
0.662 0.060 0.076
0.660 0.036 0.100
0.662 0.052 0.084
0.664 0.036 0.100
0.664 0.040 0.096
0.663 0.056 0.080
0.671 0.040 0.096
0.660 0.060 0.076
0.665 0.060 0.076
0.664 0.064 0.072
0.659 0.024 0.112
0.659 0.056 0.080
0.661 0.056 0.080
0.663 0.048 0.088
0.661 0.052 0.084
0.661 0.072 0.064
0.660 0.060 0.076
0.662 0.060 0.076
0.659 0.052 0.084
0.661 0.048 0.088
0.664 0.100 0.036
0.661 0.080 0.056
0.663 0.044 0.092
0.659 0.064 0.072
0.662 0.064 0.076
0.660 0.052 0.084
0.663 0.044 0.092
0.662 0.064 0.072
0.668 0.044 0.096
0.664 0.048 0.088
0.664 0.052 0.084
0.664 0.044 0.096
0.661 0.044 0.092
0.662 0.052 0.084
0.660 0.060 0.076
0.660 0.048 0.088
0.665 0.048 0.092
0.662 0.068 0.068
0.663 0.048 0.088
0.665 0.052 0.084
0.663 0.060 0.080
0.662 0.056 0.080
0.660 0.096 0.040
0.664 0.072 0.068
0.828 0.060 0.080
0.952 0.052 0.088
0.765 0.052 0.092
0.684 0.060 0.080
0.663 0.072 0.064
0.667 0.052 0.088
0.665 0.064 0.076
0.661 0.036 0.100
0.662 0.048 0.088
0.662 0.052 0.084
0.661 0.036 0.100
0.661 0.052 0.084
0.661 0.044 0.092
0.660 0.064 0.076
0.661 0.048 0.088
0.664 0.060 0.080
0.659 0.064 0.072
0.660 0.056 0.080
0.664 0.060 0.076
0.664 0.048 0.088
0.660 0.052 0.084
0.664 0.068 0.068
0.666 0.056 0.084
0.666 0.044 0.096
0.665 0.084 0.052
0.663 0.064 0.072
0.666 0.084 0.056
0.662 0.072 0.064
0.661 0.036 0.100
0.663 0.072 0.068
0.666 0.056 0.084
0.660 0.044 0.092
0.664 0.056 0.080
0.667 0.060 0.080
0.663 0.068 0.068
0.660 0.044 0.092
0.661 0.040 0.096
0.664 0.044 0.092
0.664 0.048 0.088
0.665 0.068 0.072
0.663 0.064 0.076
0.665 0.056 0.080
0.665 0.072 0.068
0.667 0.064 0.072
0.666 0.052 0.088
0.663 0.060 0.076
0.662 0.064 0.072
0.661 0.052 0.084
0.663 0.072 0.064
0.664 0.040 0.096
0.663 0.040 0.096
0.664 0.056 0.084
0.666 0.040 0.096
0.664 0.056 0.080
0.669 0.060 0.076
0.662 0.048 0.088
0.673 0.080 0.060
0.663 0.056 0.080
0.663 0.100 0.036
0.664 0.052 0.084
0.665 0.056 0.084
0.664 0.048 0.088
0.662 0.068 0.068
0.663 0.040 0.096
0.664 0.040 0.096
0.665 0.064 0.076
0.667 0.032 0.108
0.666 0.060 0.080
0.663 0.048 0.092
0.668 0.080 0.056
0.668 0.052 0.088
0.666 0.052 0.088
0.662 0.052 0.088
0.668 0.060 0.080
0.664 0.068 0.072
0.662 0.044 0.092
0.664 0.040 0.096
0.664 0.044 0.096
0.661 0.068 0.068
0.667 0.072 0.068
0.663 0.056 0.084
0.666 0.064 0.076
0.667 0.064 0.076
0.663 0.048 0.088
0.666 0.068 0.072
0.664 0.040 0.100
0.666 0.048 0.092
0.667 0.076 0.064
0.662 0.064 0.076
0.666 0.052 0.088
0.664 0.064 0.076
0.664 0.056 0.084
0.663 0.048 0.088
0.662 0.060 0.076
0.660 0.064 0.072
0.666 0.052 0.088
0.665 0.068 0.072
0.666 0.048 0.092
0.664 0.068 0.072
0.663 0.072 0.068
0.664 0.068 0.068
0.664 0.068 0.068
0.664 0.048 0.088
0.665 0.064 0.076
0.667 0.068 0.072
0.666 0.060 0.076
0.664 0.076 0.060
0.664 0.060 0.080
0.665 0.076 0.064
0.664 0.048 0.088
0.663 0.068 0.068
0.662 0.040 0.100
0.668 0.052 0.088
0.672 0.080 0.060
0.665 0.060 0.080
0.664 0.056 0.080
0.662 0.060 0.080
0.664 0.064 0.076
0.664 0.056 0.084
0.667 0.036 0.104
0.666 0.044 0.096
0.664 0.036 0.104
0.662 0.068 0.072
0.665 0.032 0.108
0.664 0.064 0.076
0.666 0.040 0.100
0.664 0.032 0.108
0.666 0.056 0.080
0.663 0.036 0.100
0.664 0.056 0.084
0.662 0.044 0.092
0.664 0.052 0.088
0.666 0.044 0.096
0.661 0.044 0.092
0.665 0.032 0.108
0.666 0.056 0.084
0.662 0.076 0.060
0.662 0.064 0.072
