0.294 0.212 0.080
0.294 0.224 0.068
0.295 0.240 0.052
0.297 0.232 0.064
0.295 0.216 0.076
0.295 0.232 0.060
0.295 0.240 0.052
0.295 0.256 0.036
0.296 0.272 0.020
0.298 0.240 0.056
0.295 0.240 0.052
0.297 0.244 0.052
0.296 0.248 0.044
0.297 0.240 0.056
0.298 0.208 0.088
0.296 0.216 0.076
0.297 0.256 0.040
0.297 0.236 0.060
0.297 0.264 0.032
0.296 0.248 0.044
0.308 0.272 0.032
0.297 0.232 0.064
0.296 0.232 0.060
0.295 0.248 0.044
0.302 0.228 0.072
0.299 0.248 0.048
0.296 0.240 0.052
0.297 0.228 0.068
0.297 0.224 0.072
0.297 0.244 0.052
0.299 0.244 0.052
0.298 0.256 0.040
0.297 0.240 0.056
0.296 0.220 0.072
0.306 0.252 0.052
0.297 0.236 0.060
0.295 0.228 0.064
0.295 0.240 0.052
0.297 0.224 0.072
0.297 0.244 0.052
0.297 0.236 0.060
0.295 0.228 0.064
0.295 0.220 0.072
0.295 0.220 0.072
0.296 0.248 0.044
0.298 0.232 0.064
0.296 0.248 0.044
0.296 0.228 0.064
0.294 0.252 0.040
0.297 0.244 0.052
0.296 0.244 0.048
0.298 0.224 0.072
0.296 0.248 0.044
0.300 0.236 0.060
0.300 0.256 0.040
0.298 0.244 0.052
0.297 0.260 0.036
0.296 0.224 0.068
0.297 0.256 0.040
0.296 0.224 0.068
0.297 0.208 0.088
0.297 0.252 0.044
0.298 0.252 0.044
0.296 0.232 0.060
0.298 0.256 0.040
0.297 0.240 0.056
0.300 0.236 0.060
0.297 0.240 0.056
0.297 0.248 0.048
0.299 0.236 0.060
0.297 0.228 0.068
0.299 0.228 0.068
0.298 0.220 0.076
0.296 0.248 0.044
0.297 0.212 0.084
0.297 0.240 0.056
0.297 0.276 0.020
0.297 0.256 0.040
0.297 0.220 0.076
0.297 0.272 0.024
0.298 0.256 0.040
0.297 0.228 0.068
0.298 0.268 0.028
0.300 0.248 0.048
0.299 0.252 0.044
0.295 0.240 0.052
0.298 0.248 0.048
0.297 0.252 0.044
0.298 0.232 0.064
0.298 0.240 0.056
0.299 0.252 0.044
0.297 0.224 0.072
0.299 0.236 0.060
0.298 0.240 0.056
0.301 0.252 0.048
0.299 0.248 0.048
0.298 0.248 0.048
0.299 0.244 0.052
0.299 0.216 0.080
0.297 0.260 0.036
