0.672 0.056 0.080
0.672 0.056 0.080
0.671 0.060 0.076
0.670 0.032 0.104
0.671 0.048 0.088
0.672 0.052 0.084
0.673 0.056 0.080
0.673 0.044 0.092
0.674 0.044 0.092
0.672 0.064 0.072
0.674 0.048 0.088
0.672 0.040 0.096
0.673 0.044 0.092
0.670 0.064 0.072
0.670 0.056 0.080
0.671 0.040 0.096
0.671 0.040 0.096
0.672 0.048 0.088
0.674 0.064 0.072
0.671 0.068 0.068
0.668 0.048 0.088
0.669 0.040 0.096
0.674 0.048 0.088
0.676 0.052 0.084
0.675 0.064 0.072
0.726 0.044 0.096
0.672 0.052 0.084
0.669 0.044 0.092
0.667 0.052 0.080
0.667 0.032 0.100
0.671 0.060 0.076
0.673 0.036 0.096
0.669 0.048 0.088
0.668 0.040 0.092
0.670 0.056 0.076
0.675 0.048 0.088
0.667 0.072 0.060
0.670 0.036 0.096
0.666 0.060 0.072
0.665 0.048 0.084
0.666 0.052 0.080
0.666 0.048 0.088
0.665 0.044 0.088
0.669 0.056 0.080
0.667 0.032 0.104
0.668 0.064 0.072
0.669 0.056 0.076
0.672 0.052 0.084
0.668 0.044 0.092
0.672 0.036 0.100
0.669 0.036 0.096
0.664 0.052 0.080
0.668 0.060 0.076
0.667 0.044 0.092
0.668 0.048 0.088
0.665 0.068 0.068
0.667 0.048 0.088
0.671 0.048 0.088
0.671 0.048 0.088
0.669 0.036 0.100
0.670 0.036 0.100
0.670 0.068 0.068
0.670 0.072 0.064
0.667 0.068 0.068
0.668 0.024 0.112
0.670 0.044 0.092
0.666 0.052 0.084
0.671 0.060 0.076
0.668 0.064 0.072
0.667 0.052 0.084
0.668 0.060 0.076
0.667 0.044 0.092
0.668 0.060 0.076
0.670 0.052 0.084
0.673 0.056 0.080
0.675 0.060 0.076
0.668 0.032 0.104
0.670 0.032 0.104
0.669 0.048 0.088
0.670 0.024 0.112
0.673 0.044 0.092
0.680 0.056 0.084
0.671 0.072 0.068
0.677 0.060 0.076
0.666 0.064 0.072
0.667 0.044 0.092
0.667 0.076 0.064
0.667 0.040 0.096
0.666 0.068 0.068
0.667 0.068 0.072
0.671 0.048 0.092
0.671 0.036 0.104
0.677 0.036 0.100
0.673 0.068 0.072
0.672 0.044 0.096
0.670 0.044 0.096
0.667 0.060 0.076
0.667 0.032 0.104
0.671 0.068 0.072
0.674 0.044 0.096
0.668 0.084 0.052
0.673 0.060 0.080
0.675 0.068 0.072
0.670 0.052 0.084
0.672 0.040 0.096
0.671 0.040 0.096
0.673 0.060 0.080
0.671 0.052 0.084
0.673 0.080 0.060
0.668 0.016 0.120
0.669 0.056 0.080
0.670 0.064 0.072
0.667 0.056 0.080
0.668 0.084 0.052
0.666 0.056 0.080
0.668 0.084 0.052
0.672 0.064 0.076
0.673 0.044 0.096
0.668 0.040 0.096
0.671 0.036 0.100
0.671 0.060 0.080
0.669 0.036 0.100
0.669 0.048 0.088
0.670 0.068 0.068
0.667 0.060 0.076
0.669 0.044 0.092
0.667 0.060 0.076
0.670 0.048 0.092
0.667 0.040 0.096
0.670 0.044 0.092
0.672 0.028 0.112
0.673 0.040 0.100
0.671 0.056 0.080
0.671 0.076 0.064
0.673 0.044 0.096
0.680 0.040 0.096
0.670 0.044 0.096
0.670 0.056 0.080
0.670 0.056 0.080
0.672 0.068 0.072
0.668 0.052 0.084
0.669 0.052 0.084
0.668 0.060 0.080
0.670 0.028 0.108
0.672 0.068 0.072
0.670 0.064 0.076
0.670 0.056 0.080
0.667 0.060 0.076
0.668 0.044 0.092
0.666 0.056 0.080
0.667 0.048 0.088
0.665 0.044 0.092
0.668 0.056 0.080
0.670 0.068 0.068
0.670 0.068 0.068
0.671 0.052 0.084
0.671 0.072 0.064
0.672 0.044 0.092
0.669 0.048 0.088
0.669 0.044 0.092
0.668 0.060 0.076
0.672 0.048 0.088
0.669 0.044 0.092
0.672 0.068 0.068
0.668 0.024 0.112
0.671 0.064 0.072
0.671 0.040 0.096
0.670 0.024 0.112
0.668 0.056 0.080
0.671 0.064 0.072
0.667 0.044 0.092
0.674 0.068 0.072
0.680 0.048 0.096
0.673 0.044 0.096
0.671 0.064 0.072
0.669 0.060 0.076
0.670 0.056 0.080
0.670 0.056 0.080
0.669 0.056 0.080
0.670 0.076 0.060
0.672 0.052 0.088
0.675 0.056 0.084
0.674 0.072 0.068
0.677 0.072 0.072
0.675 0.056 0.084
0.669 0.056 0.080
0.670 0.056 0.084
0.668 0.056 0.080
0.670 0.056 0.080
0.673 0.052 0.084
0.669 0.060 0.076
0.677 0.076 0.064
0.671 0.036 0.100
0.671 0.060 0.076
0.673 0.060 0.076
0.671 0.036 0.100
0.668 0.064 0.072
0.672 0.056 0.084
0.671 0.072 0.064
0.673 0.068 0.072
0.674 0.048 0.092
0.674 0.060 0.080
0.669 0.052 0.084
0.671 0.056 0.080
0.670 0.068 0.068
0.668 0.060 0.076
0.669 0.052 0.088
0.675 0.056 0.084
0.676 0.064 0.076
0.676 0.052 0.088
0.671 0.056 0.084
0.669 0.068 0.068
0.668 0.048 0.088
0.668 0.052 0.084
0.669 0.036 0.100
0.667 0.052 0.084
0.670 0.068 0.068
0.668 0.044 0.092
0.672 0.068 0.072
0.673 0.056 0.080
0.672 0.048 0.092
0.669 0.060 0.080
0.671 0.056 0.080
0.669 0.040 0.096
0.668 0.052 0.084
0.672 0.040 0.096
0.672 0.052 0.084
0.668 0.040 0.096
0.672 0.040 0.096
0.673 0.056 0.084
0.670 0.056 0.080
0.673 0.048 0.092
0.669 0.036 0.100
0.668 0.036 0.100
0.669 0.064 0.076
0.669 0.040 0.100
0.670 0.052 0.088
0.670 0.036 0.100
0.672 0.068 0.072
0.670 0.060 0.076
0.673 0.060 0.080
0.671 0.052 0.084
0.670 0.076 0.060
0.668 0.064 0.072
0.671 0.044 0.092
0.669 0.044 0.092
0.672 0.056 0.084
0.675 0.044 0.096
0.668 0.048 0.088
0.668 0.040 0.096
