6.755 0.648 0.872
6.745 0.636 0.916
6.748 0.712 0.812
6.733 0.600 0.920
6.738 0.712 0.812
6.766 0.744 0.788
6.774 0.652 0.908
6.798 0.704 0.864
6.754 0.688 0.852
6.775 0.668 0.876
6.767 0.708 0.840
6.753 0.568 0.960
6.775 0.656 0.888
6.753 0.712 0.812
6.756 0.688 0.848
6.757 0.616 0.932
6.738 0.660 0.864
6.746 0.672 0.868
6.740 0.676 0.848
6.748 0.636 0.900
6.758 0.620 0.920
6.758 0.676 0.864
6.751 0.640 0.896
6.756 0.664 0.872
6.778 0.656 0.892
6.754 0.740 0.796
6.754 0.704 0.828
6.738 0.612 0.912
6.758 0.708 0.832
6.773 0.560 0.988
6.760 0.772 0.760
6.759 0.748 0.780
6.772 0.704 0.836
6.768 0.692 0.844
6.774 0.688 0.856
6.762 0.716 0.812
6.773 0.724 0.812
6.756 0.740 0.792
6.752 0.724 0.812
6.783 0.732 0.824
6.793 0.676 0.908
6.781 0.652 0.916
6.743 0.620 0.912
6.764 0.636 0.912
6.754 0.696 0.832
6.741 0.728 0.792
6.773 0.652 0.884
6.755 0.676 0.856
6.754 0.660 0.876
6.743 0.632 0.896
6.763 0.676 0.856
6.775 0.692 0.852
6.786 0.696 0.852
6.778 0.708 0.832
6.745 0.696 0.828
6.753 0.632 0.904
6.773 0.696 0.848
6.791 0.644 0.912
6.751 0.660 0.868
6.750 0.584 0.964
6.743 0.656 0.880
6.771 0.668 0.900
6.772 0.660 0.888
6.779 0.672 0.888
6.785 0.656 0.900
6.772 0.676 0.872
6.768 0.648 0.896
6.799 0.668 0.912
6.771 0.664 0.884
6.770 0.724 0.824
6.770 0.584 0.968
6.767 0.668 0.884
6.792 0.752 0.816
6.755 0.608 0.924
6.788 0.644 0.900
6.769 0.716 0.820
6.771 0.640 0.908
6.769 0.640 0.904
6.777 0.596 0.960
6.770 0.584 0.952
6.765 0.660 0.880
6.787 0.652 0.900
6.760 0.628 0.920
6.776 0.592 0.956
6.771 0.684 0.864
6.773 0.664 0.892
6.789 0.616 0.968
6.782 0.668 0.892
6.766 0.672 0.876
6.775 0.644 0.908
6.787 0.624 0.944
6.772 0.644 0.912
6.782 0.596 0.968
6.785 0.652 0.904
6.796 0.632 0.916
6.788 0.692 0.868
6.800 0.708 0.836
6.773 0.752 0.780
6.771 0.644 0.892
6.766 0.628 0.920
6.793 0.636 0.940
6.805 0.644 0.928
6.779 0.632 0.936
6.773 0.672 0.888
6.782 0.700 0.868
6.766 0.664 0.904
6.775 0.652 0.904
6.794 0.680 0.892
6.780 0.720 0.844
7.108 0.764 0.852
8.600 0.836 0.964
8.840 0.856 0.964
6.760 0.756 0.804
6.779 0.688 0.872
6.776 0.608 0.952
6.768 0.732 0.824
6.763 0.632 0.924
6.788 0.668 0.904
6.793 0.680 0.896
6.804 0.672 0.912
6.786 0.676 0.892
6.784 0.676 0.888
6.789 0.676 0.904
6.767 0.668 0.888
6.814 0.664 0.912
6.809 0.636 0.960
6.810 0.732 0.856
6.808 0.688 0.904
6.801 0.776 0.808
6.798 0.636 0.932
6.786 0.700 0.860
6.780 0.684 0.880
6.777 0.688 0.864
6.780 0.588 0.972
6.776 0.660 0.904
6.799 0.728 0.840
6.793 0.676 0.876
6.776 0.680 0.864
6.771 0.680 0.868
6.784 0.636 0.928
6.810 0.692 0.872
6.774 0.748 0.808
6.786 0.628 0.924
6.783 0.664 0.900
6.804 0.676 0.888
6.777 0.608 0.960
6.786 0.668 0.880
6.811 0.752 0.804
6.774 0.732 0.808
6.789 0.716 0.840
6.799 0.668 0.892
6.794 0.664 0.892
6.774 0.728 0.812
6.801 0.692 0.884
6.795 0.696 0.880
6.827 0.644 0.936
6.781 0.728 0.820
6.798 0.656 0.908
6.800 0.700 0.860
6.777 0.680 0.884
6.778 0.720 0.832
6.768 0.712 0.840
6.802 0.660 0.908
6.785 0.696 0.876
6.782 0.604 0.948
6.788 0.672 0.884
6.789 0.712 0.852
6.787 0.676 0.876
6.794 0.640 0.916
6.785 0.728 0.832
6.787 0.712 0.840
6.796 0.676 0.888
6.814 0.688 0.900
6.793 0.628 0.940
6.781 0.704 0.860
6.789 0.692 0.880
6.768 0.612 0.944
6.766 0.676 0.888
6.768 0.788 0.776
6.798 0.648 0.948
6.809 0.668 0.896
6.810 0.688 0.892
6.782 0.624 0.952
6.790 0.720 0.852
6.832 0.620 0.980
6.805 0.624 0.960
6.800 0.680 0.900
6.796 0.716 0.860
6.788 0.704 0.872
6.807 0.712 0.872
6.806 0.632 0.948
6.790 0.720 0.848
6.784 0.604 0.972
6.819 0.672 0.920
6.812 0.688 0.904
6.826 0.672 0.936
6.788 0.636 0.952
6.790 0.668 0.908
6.791 0.700 0.872
6.792 0.776 0.804
6.779 0.708 0.860
6.784 0.616 0.952
6.805 0.692 0.884
6.792 0.660 0.912
6.783 0.744 0.824
6.794 0.712 0.856
6.789 0.676 0.896
6.797 0.640 0.932
6.792 0.692 0.876
6.799 0.708 0.868
6.799 0.656 0.924
6.796 0.644 0.924
6.816 0.736 0.848
6.802 0.612 0.972
6.788 0.596 0.976
6.823 0.604 0.980
6.806 0.688 0.888
6.784 0.672 0.888
6.802 0.672 0.916
6.792 0.712 0.856
6.783 0.692 0.880
6.793 0.724 0.844
6.793 0.648 0.928
6.790 0.712 0.848
6.800 0.608 0.972
6.791 0.664 0.904
6.792 0.756 0.820
6.796 0.624 0.948
6.793 0.604 0.960
6.781 0.672 0.884
6.805 0.712 0.876
6.800 0.748 0.832
6.810 0.664 0.924
6.802 0.644 0.948
6.796 0.644 0.936
6.783 0.760 0.804
6.797 0.676 0.896
6.795 0.628 0.948
6.790 0.704 0.860
6.788 0.676 0.888
6.787 0.740 0.828
6.806 0.708 0.864
6.854 0.592 1.044
6.811 0.652 0.932
6.794 0.656 0.912
6.816 0.668 0.916
6.808 0.692 0.884
6.802 0.604 0.972
6.814 0.588 1.000
6.797 0.712 0.848
