6.772 0.652 0.868
6.759 0.596 0.908
6.754 0.612 0.896
6.776 0.692 0.816
6.774 0.608 0.900
6.765 0.640 0.868
6.772 0.652 0.864
6.769 0.624 0.880
6.791 0.656 0.872
6.772 0.624 0.884
6.781 0.656 0.864
6.764 0.616 0.896
6.773 0.548 0.964
6.796 0.648 0.872
6.775 0.696 0.820
6.802 0.600 0.920
6.799 0.700 0.820
6.792 0.624 0.896
6.769 0.720 0.792
6.771 0.600 0.912
6.786 0.628 0.884
6.773 0.676 0.836
6.810 0.632 0.912
6.786 0.716 0.804
6.795 0.588 0.936
6.788 0.648 0.876
6.791 0.628 0.884
6.802 0.604 0.916
6.779 0.688 0.832
6.777 0.624 0.888
6.778 0.644 0.864
6.785 0.704 0.816
6.790 0.616 0.892
6.936 0.628 0.876
7.080 0.684 0.840
6.822 0.664 0.852
6.778 0.744 0.776
6.777 0.680 0.828
6.774 0.644 0.872
6.780 0.656 0.860
6.772 0.648 0.864
6.783 0.560 0.960
6.793 0.640 0.876
6.785 0.688 0.820
6.798 0.644 0.880
6.799 0.676 0.840
6.823 0.636 0.876
6.812 0.560 0.968
6.799 0.680 0.828
6.800 0.680 0.836
6.789 0.700 0.824
6.773 0.744 0.760
6.784 0.716 0.796
6.776 0.692 0.816
6.784 0.668 0.844
6.783 0.652 0.860
