3.75232 64149.7
54.6971 8127.85
98.2857 6382.11
140.061 6019.96
186.672 5415.59
229.027 5220.66
271.038 5122.98
315.169 5043.3
382.55 4568.89
479.638 3980.67
522.496 3985.37
575.717 3906.09
625.701 3845.06
682.098 3766.79
741.112 3707.89
790.714 3690.94
842.121 3689.81
900.017 3614.86
933.468 3670.16
990.095 3622.23
1028.32 3665.26
1082.14 3644.3
1125.75 3673.79
1181.54 3654.99
1236.25 3631.17
1294.17 3612.96
1350.85 3583.44
1407.1 3571.14
1465.15 3552.96
1497.25 3605.6
1534.06 3639.49
1563.34 3705.09
1596.13 3732.15
1627.35 3762.88
1655.28 3813.04
1687.11 3840.78
1714.34 3829.51
1732.44 3790.66
1735.13 3787.13
1739.42 3780.12
1743.42 3773.79
1749.33 3763.36
1754.08 3755.47
1758.45 3747.3
1761.96 3742.14
1766.27 3815.74
1792.49 3852.81
1818.69 3903.13
