1.015 193626
10.7262 38040.5
21.7786 26938
30.9294 24634.5
39.1596 24001.5
44.4724 25014.2
49.3718 25492.3
54.9136 26246.7
60.0077 27029.4
65.2918 27422.4
71.3369 27688.2
79.0817 27047.5
85.7808 26662.7
91.9022 26764.3
99.4933 26211.7
105.478 26495
113.208 26084.6
119.976 25848.4
124.145 26435.5
131.41 26240.8
136.655 26674.6
143.193 26789.3
151.669 26340.3
157.404 26369.7
163.973 26435.8
172.046 26117.1
178.634 26206
187.273 25813.3
191.988 26141.5
198.142 26251.7
205.465 26146
212.258 26180.5
220.297 25964.7
227.147 25893.5
232.172 25674
235.137 25825.1
238.539 26262.5
246.147 26209.5
253.547 26177.6
261.339 26045.2
268.59 25447.9
269.524 25374.8
269.966 25340.7
270.163 25337.4
270.437 25326.6
270.776 25302.4
270.983 25298.1
271.256 25280.1
271.452 25547.7
274.134 26014.4
282.096 25855.9
287.276 25969.1
293.572 26055.2
302.263 25641.9
306.14 25330.4
306.378 25330.6
306.694 25311.1
306.867 25310.1
307.11 25296.7
307.281 25289.2
307.451 25295.1
307.762 25276.1
307.94 25274.6
308.176 25657.1
311.973 25924.4
318.827 25920.6
326.056 25885.6
333.699 25775.6
340.41 25461.9
342.744 25300.4
343.135 25289.3
343.554 25270.3
343.911 25249.9
344.1 25519.2
347.594 25712.4
352.53 25870
359.142 25882.7
366.369 25874.2
373.818 25537.8
376.382 25688.5
380.675 25845.6
387.519 25844.9
393.087 25845.5
398.063 26006.9
406.26 25527.2
406.918 25495.9
407.286 25477.8
407.489 25877
414.072 25911.7
422.039 25821.8
429.212 25850.5
437.987 25674.1
444.297 25561.9
447.567 25727.8
453.821 25722.4
460.866 25707.8
468.383 25671.6
474.322 25436.4
475.617 25384.2
475.984 25779.3
481.181 25841.6
485.625 25919
489.666 26022.7
493.825 26111.8
497.85 25908.9
498.077 26113
500.979 26302.2
505.423 26396.2
509.766 26474
513.854 26587.3
518.225 26511.9
520.358 26411.1
520.59 26407.1
520.822 26403.1
521.074 26459.3
522.193 26687.6
526.202 26776.7
530.259 26936.2
535.392 27026.8
540.333 27008.9
543.686 26846
543.847 26845.5
544.084 26837.6
544.247 26903.7
545.401 27214.6
550.85 27239.9
555.185 27301.6
559.243 27401.2
563.638 27392.8
566.703 27251.8
566.935 27247.8
567.168 27243.8
567.401 27239.8
567.634 27263.2
568.258 27528.7
572.594 27684
578.16 27717.5
582.722 27801.1
587.342 27766.6
590.331 27632.8
590.562 27625.5
590.728 27628
591.031 27744.4
593.121 27985.7
598.29 28044.5
602.971 28059.1
606.719 28136.7
610.867 28078.6
613.111 27985.7
613.404 27979
613.633 28282.8
618.918 28316.8
623.477 28357.2
627.613 28437.9
632.099 28481.1
636.243 28301.9
636.469 28298.3
636.704 28389.8
638.526 28596.2
643.124 28627.3
647.182 28699
651.663 28781.7
656.493 28695.8
658.754 28603.4
658.989 28599.4
659.226 28810.8
663.007 28906.3
667.645 28934
671.811 29017.4
676.565 29038.6
680.611 28880.9
681.004 28867.2
681.164 29009.4
683.93 29105.8
687.976 29206.1
693.067 29219.6
697.291 29305
702.103 29179.3
703.643 29121.3
703.872 29132
704.368 29359.3
708.896 29398.5
713.207 29438.6
717.435 29511.2
722.237 29486.5
725.532 29358.1
725.759 29354.5
725.991 29350.8
726.222 29347
726.447 29497.2
729.498 29657.7
735.191 29698.6
740.635 29697.9
744.941 29767.7
749.687 29647
751.2 29592.7
751.43 29589
751.664 29733.7
754.693 29851.1
759.451 29893.6
764.209 29912.4
768.362 29945.3
772.387 29862.9
774.032 29804.7
774.262 29801.1
774.496 29915.7
777.078 30045.8
782.124 30056.9
786.394 30105.4
790.825 30160.1
795.576 30041.2
796.925 29995.4
797.274 29987.4
797.505 30097.9
800.063 30211.3
804.403 30244
808.58 30318.8
813.626 30334.3
818.001 30264.9
820.15 30190.5
820.378 30187.1
820.611 30317
823.608 30406.4
827.968 30466.2
832.823 30493.3
837.322 30547
842.199 30409.3
843.162 30379.4
843.399 30373.3
843.565 30444.3
845.398 30589.6
