0.590 0.480 0.108
0.594 0.476 0.116
0.603 0.488 0.112
0.609 0.464 0.144
0.617 0.480 0.132
0.623 0.496 0.124
0.632 0.480 0.148
0.638 0.496 0.140
0.643 0.460 0.180
0.649 0.492 0.152
0.670 0.560 0.108
0.670 0.544 0.124
0.684 0.556 0.124
0.692 0.544 0.144
0.720 0.560 0.156
0.719 0.580 0.136
0.736 0.544 0.188
0.739 0.576 0.160
0.739 0.564 0.172
0.757 0.548 0.204
0.761 0.616 0.140
0.769 0.624 0.140
0.778 0.612 0.164
0.779 0.564 0.212
0.785 0.616 0.164
0.800 0.624 0.172
0.807 0.652 0.152
0.826 0.620 0.204
0.837 0.652 0.180
0.844 0.672 0.168
0.858 0.620 0.236
0.861 0.700 0.156
0.867 0.620 0.244
0.881 0.716 0.160
0.900 0.744 0.152
0.905 0.740 0.160
0.914 0.712 0.200
0.917 0.672 0.244
0.934 0.708 0.224
0.937 0.756 0.176
0.947 0.708 0.236
0.961 0.744 0.212
0.954 0.764 0.188
0.970 0.748 0.220
0.980 0.764 0.212
0.984 0.772 0.208
0.991 0.716 0.272
1.003 0.748 0.252
1.012 0.788 0.220
1.020 0.792 0.224
1.030 0.780 0.248
1.035 0.804 0.228
1.052 0.804 0.244
1.053 0.780 0.272
1.059 0.836 0.220
1.067 0.820 0.244
1.079 0.856 0.220
1.093 0.900 0.192
1.096 0.876 0.216
1.107 0.852 0.252
1.122 0.880 0.240
1.128 0.896 0.228
1.137 0.844 0.288
1.145 0.876 0.268
1.156 0.908 0.244
1.165 0.864 0.296
1.178 0.912 0.264
1.182 0.936 0.244
1.189 0.888 0.296
1.196 0.864 0.328
1.204 0.880 0.320
1.216 0.936 0.276
1.225 0.956 0.268
1.236 0.888 0.344
1.241 0.936 0.304
1.256 0.948 0.304
1.266 1.040 0.224
1.279 0.992 0.284
1.282 0.940 0.340
1.295 0.956 0.336
1.296 0.968 0.324
1.306 0.984 0.320
1.319 1.024 0.292
1.324 0.976 0.344
1.337 0.928 0.404
1.342 0.972 0.368
1.358 1.016 0.340
1.363 0.972 0.388
1.369 1.004 0.360
1.380 1.096 0.280
1.391 1.048 0.340
1.399 1.096 0.300
1.406 1.016 0.388
1.420 1.036 0.380
1.431 0.972 0.456
1.435 1.028 0.404
1.443 1.084 0.356
1.456 1.092 0.360
1.463 1.060 0.400
1.474 1.100 0.372
1.486 1.100 0.384
1.507 1.180 0.324
1.515 1.068 0.444
1.526 1.136 0.388
1.541 1.148 0.388
1.545 1.040 0.500
1.562 1.208 0.352
1.573 1.196 0.372
1.580 1.168 0.408
1.596 1.268 0.324
1.604 1.180 0.420
1.632 1.268 0.360
1.637 1.192 0.444
1.654 1.236 0.416
1.668 1.196 0.468
1.684 1.252 0.428
1.692 1.248 0.440
1.702 1.260 0.440
1.715 1.252 0.460
1.728 1.280 0.444
1.745 1.220 0.524
1.753 1.328 0.420
1.763 1.396 0.364
1.781 1.420 0.356
1.802 1.336 0.464
1.808 1.352 0.452
1.819 1.392 0.424
1.830 1.340 0.488
1.841 1.400 0.440
1.857 1.564 0.292
1.875 1.368 0.504
1.890 1.428 0.460
1.900 1.488 0.408
1.905 1.480 0.424
1.921 1.428 0.492
1.932 1.464 0.464
1.947 1.576 0.368
1.962 1.388 0.572
1.980 1.408 0.568
1.986 1.496 0.488
1.995 1.600 0.392
2.014 1.496 0.516
2.023 1.524 0.496
2.034 1.536 0.496
2.043 1.568 0.472
2.078 1.580 0.496
2.084 1.524 0.556
2.098 1.648 0.448
2.119 1.504 0.612
2.131 1.600 0.528
2.137 1.556 0.580
2.154 1.644 0.508
2.167 1.684 0.480
2.184 1.568 0.612
2.192 1.576 0.612
2.207 1.644 0.560
2.212 1.752 0.456
2.230 1.468 0.760
2.248 1.704 0.540
2.258 1.720 0.536
2.280 1.792 0.484
2.745 1.760 0.876
